#M log_10_prob bin hits hits/sum_hits
#sir_exec simple-sample --graph-type Sw 0.1 -n 3200 --samples 10000000 --transmission 0.1 -j24
0.0003125 2.89348353146332e0 1 2445304 2.44530791249266e-1
0.000625 2.5857919489594425e0 2 1204041 1.2040429264686824e-1
0.0009375 2.5385422575254215e0 3 1079920 1.0799217278747646e-1
0.00125 2.44483712195724e0 4 870335 8.70336392538228e-2
0.0015625 2.2949527063347523e0 5 616314 6.1631498610397774e-2
0.001875 2.150510053718705e0 6 441936 4.419367070987314e-2
0.0021875 2.0404777122681863e0 7 343026 3.4302654884247816e-2
0.0025 1.9570291755251374e0 8 283060 2.8306045289672465e-2
0.0028125 1.8879095272058817e0 9 241412 2.41412386259818e-2
0.003125 1.8256106185770542e0 10 209151 2.091513346421354e-2
0.0034375 1.7642115096361368e0 11 181577 1.8157729052366484e-2
0.00375 1.712308212742513e0 12 161123 1.6112325779721246e-2
0.0040625 1.6593493756167432e0 13 142626 1.4262622820196512e-2
0.004375 1.6146313493955256e0 14 128671 1.2867120587392939e-2
0.0046875 1.5691216801563956e0 15 115870 1.1587018539229662e-2
0.005 1.5298620496814483e0 16 105855 1.0585516936827098e-2
0.0053125 1.4870055077965776e0 17 95908 9.590815345304553e-3
0.005625 1.447396902435941e0 18 87548 8.754814007702413e-3
0.0059375 1.414391028936151e0 19 81141 8.114112982580772e-3
0.00625 1.3793192684605926e0 20 74846 7.484611975379161e-3
0.0065625 1.3454073638986093e0 21 69224 6.922411075857721e-3
0.006875 1.3159005404299866e0 22 64677 6.467710348336557e-3
0.0071875 1.281975301276486e0 23 59817 5.981709570735313e-3
0.0075 1.2527489002318286e0 24 55924 5.592408947854317e-3
0.0078125 1.2263262764682419e0 25 52623 5.262308419693471e-3
0.008125 1.2001154418947961e0 26 49541 4.954107926572682e-3
0.0084375 1.174523348179838e0 27 46706 4.670607472971957e-3
0.00875 1.144218603758739e0 28 43558 4.355806969291151e-3
0.0090625 1.11820984888115e0 29 41026 4.102606564170503e-3
0.009375 1.091771730008936e0 30 38603 3.8603061764898826e-3
0.0096875 1.0670983446087292e0 31 36471 3.6471058353693365e-3
0.01 1.0355552997844577e0 32 33916 3.3916054265686825e-3
0.0103125 1.015762698980803e0 33 32405 3.2405051848082957e-3
0.010625 9.928686641178204e-1 34 30741 3.0741049185678696e-3
0.010937500000000001 9.693122148905622e-1 35 29118 2.911804658887454e-3
0.01125 9.442306130605043e-1 36 27484 2.748404397447036e-3
0.0115625 9.157254697339607e-1 37 25738 2.573804118086589e-3
0.011875 8.886788073613938e-1 38 24184 2.4184038694461912e-3
0.0121875 8.655357874962699e-1 39 22929 2.29290366864587e-3
0.0125 8.383157157355163e-1 40 21536 2.153603445765513e-3
0.012812500000000001 8.124755268369994e-1 41 20292 2.029203246725195e-3
0.013125 7.835383984009154e-1 42 18984 1.8984030374448598e-3
0.0134375 7.569834918202729e-1 43 17858 1.7858028572845716e-3
0.01375 7.322400114206986e-1 44 16869 1.6869026990443184e-3
0.0140625 7.02238168641522e-1 45 15743 1.5743025188840302e-3
0.014375 6.694440325060955e-1 46 14598 1.4598023356837372e-3
0.014687500000000001 6.37186111519132e-1 47 13553 1.3553021684834696e-3
0.015 6.148979109048613e-1 48 12875 1.287502060003296e-3
0.0153125 5.859935320261944e-1 49 12046 1.2046019273630837e-3
0.015625 5.602613110457795e-1 50 11353 1.1353018164829065e-3
0.0159375 5.221840124904138e-1 51 10400 1.0400016640026623e-3
0.01625 4.8782886657511737e-1 52 9609 9.609015374424599e-4
0.0165625 4.635712012441511e-1 53 9087 9.087014539223263e-4
0.016875 4.2880909498493924e-1 54 8388 8.388013420821474e-4
0.0171875 3.989678971590962e-1 55 7831 7.831012529620048e-4
0.0175 3.624228467556745e-1 56 7199 7.199011518418429e-4
0.017812500000000002 3.215908411477719e-1 57 6553 6.553010484816776e-4
0.018125 2.882678106821004e-1 58 6069 6.069009710415537e-4
0.0184375 2.595754624688915e-1 59 5681 5.681009089614544e-4
0.01875 2.2597125496197723e-1 60 5258 5.25800841281346e-4
0.0190625 1.8530481492600615e-1 61 4788 4.7880076608122573e-4
0.019375 1.532178026405675e-1 62 4447 4.447007115211384e-4
0.0196875 1.0185770287307916e-1 63 3951 3.951006321610115e-4
0.02 6.898759185617775e-2 64 3663 3.6630058608093775e-4
0.0203125 3.7395316818215285e-2 65 3406 3.4060054496087193e-4
0.020625 -1.5130091368795728e-2 66 3018 3.018004828807726e-4
0.0209375 -3.651370081641936e-2 67 2873 2.8730045968073547e-4
0.02125 -8.694878666573169e-2 68 2558 2.5580040928065487e-4
0.021562500000000002 -1.2619061441614e-1 69 2337 2.3370037392059828e-4
0.021875000000000002 -1.5959207037383516e-1 70 2164 2.16400346240554e-4
0.0221875 -1.9708881570923298e-1 71 1985 1.9850031760050815e-4
0.0225 -2.4054299447708116e-1 72 1796 1.7960028736045978e-4
0.0228125 -2.866768001412452e-1 73 1615 1.6150025840041345e-4
0.023125 -3.263518432853343e-1 74 1474 1.4740023584037734e-4
0.0234375 -3.379974257383558e-1 75 1435 1.4350022960036736e-4
0.02375 -4.1820888313802485e-1 76 1193 1.193001908803054e-4
0.0240625 -4.626336235103854e-1 77 1077 1.0770017232027571e-4
0.024375 -4.7698160784486143e-1 78 1042 1.0420016672026675e-4
0.0246875 -5.391615764948612e-1 79 903 9.030014448023116e-5
0.025 -5.649197667237789e-1 80 851 8.510013616021786e-5
0.0253125 -6.273818389493155e-1 81 737 7.370011792018867e-5
0.025625000000000002 -6.806017310764467e-1 82 652 6.520010432016691e-5
0.025937500000000002 -7.217946334441043e-1 83 593 5.930009488015181e-5
0.02625 -7.624555669853983e-1 84 540 5.400008640013824e-5
0.0265625 -8.172423740878738e-1 85 476 4.7600076160121854e-5
0.026875 -8.028842240410063e-1 86 492 4.9200078720125955e-5
0.0271875 -8.884679616977618e-1 87 404 4.040006464010342e-5
0.0275 -9.483066633302357e-1 88 352 3.5200056320090114e-5
0.0278125 -1.0206330627321116e0 89 298 2.9800047680076287e-5
0.028125 -1.0048908473835323e0 90 309 3.0900049440079105e-5
0.0284375 -1.0866093614965173e0 91 256 2.5600040960065535e-5
0.02875 -1.078208819470086e0 92 261 2.6100041760066817e-5
0.0290625 -1.1446013084742037e0 93 224 2.2400035840057344e-5
0.029375000000000002 -1.266962622194693e0 94 169 1.6900027040043264e-5
0.029687500000000002 -1.2721328556607836e0 95 167 1.6700026720042753e-5
0.03 -1.3216630583960929e0 96 149 1.4900023840038143e-5
0.0303125 -1.3910456058524097e0 97 127 1.2700020320032512e-5
0.030625 -1.4303913375814488e0 98 116 1.1600018560029696e-5
0.0309375 -1.4303913375814488e0 99 116 1.1600018560029696e-5
0.03125 -1.457422828867743e0 100 109 1.0900017440027904e-5
0.0315625 -1.486249155046449e0 101 102 1.0200016320026113e-5
0.031875 -1.6753053912664977e0 102 66 6.600010560016896e-6
0.0321875 -1.66877452410754e0 103 67 6.700010720017152e-6
0.0325 -1.804653246779853e0 104 49 4.900007840012544e-6
0.0328125 -1.7544866373141228e0 105 55 5.50000880001408e-6
0.033125 -1.73142133324543e0 106 58 5.800009280014848e-6
0.0334375 -1.9385468260410792e0 107 36 3.600005760009216e-6
0.03375 -1.9507812824580912e0 108 35 3.50000560000896e-6
0.0340625 -1.976335386930479e0 109 33 3.300005280008448e-6
0.034375 -1.9633704097661115e0 110 34 3.400005440008704e-6
0.0346875 -2.1938193311443857e0 111 20 2.00000320000512e-6
0.035 -2.1524266459861603e0 112 22 2.200003520005632e-6
0.035312500000000004 -2.3187580677526856e0 113 15 1.50000240000384e-6
0.035625000000000004 -2.3487212911301287e0 114 14 1.400002240003584e-6
0.035937500000000004 -2.2395768217050604e0 115 18 1.800002880004608e-6
0.03625 -2.216095725855538e0 116 19 1.900003040004864e-6
0.0365625 -2.716698076424723e0 117 6 6.00000960001536e-7
0.036875 -2.4534566416501415e0 118 11 1.100001760002816e-6
0.0371875 -2.64975128679411e0 119 7 7.00001120001792e-7
0.0375 -2.8927893354804044e0 120 4 4.00000640001024e-7
0.0378125 -2.591759339816423e0 121 8 8.00001280002048e-7
0.038125 -2.5406068173690417e0 122 9 9.00001440002304e-7
0.0384375 -2.8927893354804044e0 123 4 4.00000640001024e-7
0.03875 -2.795879322472348e0 124 5 5.0000080000128e-7
0.0390625 -2.716698076424723e0 125 6 6.00000960001536e-7
0.039375 -2.64975128679411e0 126 7 7.00001120001792e-7
0.0396875 -3.1938193311443857e0 127 2 2.00000320000512e-7
0.04 -2.795879322472348e0 128 5 5.0000080000128e-7
0.0403125 -3.1938193311443857e0 129 2 2.00000320000512e-7
0.040625 -3.494849326808367e0 130 1 1.00000160000256e-7
0.0409375 -3.494849326808367e0 131 1 1.00000160000256e-7
0.04125 -3.1938193311443857e0 132 2 2.00000320000512e-7
0.0415625 -3.494849326808367e0 133 1 1.00000160000256e-7
0.041875 -inf 134 0 0e0
0.0421875 -inf 135 0 0e0
0.0425 -inf 136 0 0e0
0.0428125 -inf 137 0 0e0
0.043125000000000004 -3.494849326808367e0 138 1 1.00000160000256e-7
0.043437500000000004 -inf 139 0 0e0
0.043750000000000004 -inf 140 0 0e0
0.0440625 -inf 141 0 0e0
0.044375 -3.1938193311443857e0 142 2 2.00000320000512e-7
0.0446875 -inf 143 0 0e0
0.045 -inf 144 0 0e0
0.0453125 -inf 145 0 0e0
0.045625 -3.494849326808367e0 146 1 1.00000160000256e-7
0.0459375 -inf 147 0 0e0
0.04625 -inf 148 0 0e0
0.0465625 -3.494849326808367e0 149 1 1.00000160000256e-7
0.046875 -inf 150 0 0e0
0.0471875 -inf 151 0 0e0
0.0475 -inf 152 0 0e0
0.0478125 -inf 153 0 0e0
0.048125 -inf 154 0 0e0
0.0484375 -inf 155 0 0e0
0.04875 -inf 156 0 0e0
0.0490625 -3.494849326808367e0 157 1 1.00000160000256e-7
0.049375 -inf 158 0 0e0
0.0496875 -inf 159 0 0e0
0.05 -inf 160 0 0e0
0.0503125 -inf 161 0 0e0
0.050625 -inf 162 0 0e0
0.050937500000000004 -inf 163 0 0e0
0.051250000000000004 -inf 164 0 0e0
0.051562500000000004 -inf 165 0 0e0
0.051875000000000004 -inf 166 0 0e0
0.0521875 -inf 167 0 0e0
0.0525 -inf 168 0 0e0
0.0528125 -inf 169 0 0e0
0.053125 -inf 170 0 0e0
0.0534375 -inf 171 0 0e0
0.05375 -inf 172 0 0e0
0.0540625 -inf 173 0 0e0
0.054375 -inf 174 0 0e0
0.0546875 -inf 175 0 0e0
0.055 -inf 176 0 0e0
0.0553125 -inf 177 0 0e0
0.055625 -inf 178 0 0e0
0.0559375 -inf 179 0 0e0
0.05625 -inf 180 0 0e0
0.0565625 -inf 181 0 0e0
0.056875 -inf 182 0 0e0
0.0571875 -inf 183 0 0e0
0.0575 -inf 184 0 0e0
0.0578125 -inf 185 0 0e0
0.058125 -inf 186 0 0e0
0.0584375 -inf 187 0 0e0
0.058750000000000004 -inf 188 0 0e0
0.059062500000000004 -inf 189 0 0e0
0.059375000000000004 -inf 190 0 0e0
0.059687500000000004 -inf 191 0 0e0
0.06 -inf 192 0 0e0
0.0603125 -inf 193 0 0e0
0.060625 -inf 194 0 0e0
0.0609375 -inf 195 0 0e0
0.06125 -inf 196 0 0e0
0.0615625 -inf 197 0 0e0
0.061875 -inf 198 0 0e0
0.0621875 -inf 199 0 0e0
0.0625 -inf 200 0 0e0
0.06281250000000001 -inf 201 0 0e0
0.063125 -inf 202 0 0e0
0.06343750000000001 -inf 203 0 0e0
0.06375 -inf 204 0 0e0
0.0640625 -inf 205 0 0e0
0.064375 -inf 206 0 0e0
0.0646875 -inf 207 0 0e0
0.065 -inf 208 0 0e0
0.0653125 -inf 209 0 0e0
0.065625 -inf 210 0 0e0
0.0659375 -inf 211 0 0e0
0.06625 -inf 212 0 0e0
0.0665625 -inf 213 0 0e0
0.066875 -inf 214 0 0e0
0.0671875 -inf 215 0 0e0
0.0675 -inf 216 0 0e0
0.0678125 -inf 217 0 0e0
0.068125 -inf 218 0 0e0
0.0684375 -inf 219 0 0e0
0.06875 -inf 220 0 0e0
0.0690625 -inf 221 0 0e0
0.069375 -inf 222 0 0e0
0.0696875 -inf 223 0 0e0
0.07 -inf 224 0 0e0
0.0703125 -inf 225 0 0e0
0.07062500000000001 -inf 226 0 0e0
0.0709375 -inf 227 0 0e0
0.07125000000000001 -inf 228 0 0e0
0.0715625 -inf 229 0 0e0
0.07187500000000001 -inf 230 0 0e0
0.0721875 -inf 231 0 0e0
0.0725 -inf 232 0 0e0
0.0728125 -inf 233 0 0e0
0.073125 -inf 234 0 0e0
0.0734375 -inf 235 0 0e0
0.07375 -inf 236 0 0e0
0.0740625 -inf 237 0 0e0
0.074375 -inf 238 0 0e0
0.0746875 -inf 239 0 0e0
0.075 -inf 240 0 0e0
0.0753125 -inf 241 0 0e0
0.075625 -inf 242 0 0e0
0.0759375 -inf 243 0 0e0
0.07625 -inf 244 0 0e0
0.0765625 -inf 245 0 0e0
0.076875 -inf 246 0 0e0
0.0771875 -inf 247 0 0e0
0.0775 -inf 248 0 0e0
0.0778125 -inf 249 0 0e0
0.078125 -inf 250 0 0e0
0.07843750000000001 -inf 251 0 0e0
0.07875 -inf 252 0 0e0
0.07906250000000001 -inf 253 0 0e0
0.079375 -inf 254 0 0e0
0.07968750000000001 -inf 255 0 0e0
0.08 -inf 256 0 0e0
0.0803125 -inf 257 0 0e0
0.080625 -inf 258 0 0e0
0.0809375 -inf 259 0 0e0
0.08125 -inf 260 0 0e0
0.0815625 -inf 261 0 0e0
0.081875 -inf 262 0 0e0
0.0821875 -inf 263 0 0e0
0.0825 -inf 264 0 0e0
0.0828125 -inf 265 0 0e0
0.083125 -inf 266 0 0e0
0.0834375 -inf 267 0 0e0
0.08375 -inf 268 0 0e0
0.0840625 -inf 269 0 0e0
0.084375 -inf 270 0 0e0
0.0846875 -inf 271 0 0e0
0.085 -inf 272 0 0e0
0.0853125 -inf 273 0 0e0
0.085625 -inf 274 0 0e0
0.0859375 -inf 275 0 0e0
0.08625000000000001 -inf 276 0 0e0
0.0865625 -inf 277 0 0e0
0.08687500000000001 -inf 278 0 0e0
0.0871875 -inf 279 0 0e0
0.08750000000000001 -inf 280 0 0e0
0.0878125 -inf 281 0 0e0
0.088125 -inf 282 0 0e0
0.0884375 -inf 283 0 0e0
0.08875 -inf 284 0 0e0
0.0890625 -inf 285 0 0e0
0.089375 -inf 286 0 0e0
0.0896875 -inf 287 0 0e0
0.09 -inf 288 0 0e0
0.0903125 -inf 289 0 0e0
0.090625 -inf 290 0 0e0
0.0909375 -inf 291 0 0e0
0.09125 -inf 292 0 0e0
0.0915625 -inf 293 0 0e0
0.091875 -inf 294 0 0e0
0.0921875 -inf 295 0 0e0
0.0925 -inf 296 0 0e0
0.0928125 -inf 297 0 0e0
0.093125 -inf 298 0 0e0
0.0934375 -inf 299 0 0e0
0.09375 -inf 300 0 0e0
0.09406250000000001 -inf 301 0 0e0
0.094375 -inf 302 0 0e0
0.09468750000000001 -inf 303 0 0e0
0.095 -inf 304 0 0e0
0.09531250000000001 -inf 305 0 0e0
0.095625 -inf 306 0 0e0
0.09593750000000001 -inf 307 0 0e0
0.09625 -inf 308 0 0e0
0.0965625 -inf 309 0 0e0
0.096875 -inf 310 0 0e0
0.0971875 -inf 311 0 0e0
0.0975 -inf 312 0 0e0
0.0978125 -inf 313 0 0e0
0.098125 -inf 314 0 0e0
0.0984375 -inf 315 0 0e0
0.09875 -inf 316 0 0e0
0.0990625 -inf 317 0 0e0
0.099375 -inf 318 0 0e0
0.0996875 -inf 319 0 0e0
0.1 -inf 320 0 0e0
0.1003125 -inf 321 0 0e0
0.100625 -inf 322 0 0e0
0.1009375 -inf 323 0 0e0
0.10125 -inf 324 0 0e0
0.1015625 -inf 325 0 0e0
0.10187500000000001 -inf 326 0 0e0
0.1021875 -inf 327 0 0e0
0.10250000000000001 -inf 328 0 0e0
0.1028125 -inf 329 0 0e0
0.10312500000000001 -inf 330 0 0e0
0.1034375 -inf 331 0 0e0
0.10375000000000001 -inf 332 0 0e0
0.1040625 -inf 333 0 0e0
0.104375 -inf 334 0 0e0
0.1046875 -inf 335 0 0e0
0.105 -inf 336 0 0e0
0.1053125 -inf 337 0 0e0
0.105625 -inf 338 0 0e0
0.1059375 -inf 339 0 0e0
0.10625 -inf 340 0 0e0
0.1065625 -inf 341 0 0e0
0.106875 -inf 342 0 0e0
0.1071875 -inf 343 0 0e0
0.1075 -inf 344 0 0e0
0.1078125 -inf 345 0 0e0
0.108125 -inf 346 0 0e0
0.1084375 -inf 347 0 0e0
0.10875 -inf 348 0 0e0
0.1090625 -inf 349 0 0e0
0.109375 -inf 350 0 0e0
0.10968750000000001 -inf 351 0 0e0
0.11 -inf 352 0 0e0
0.11031250000000001 -inf 353 0 0e0
0.110625 -inf 354 0 0e0
0.11093750000000001 -inf 355 0 0e0
0.11125 -inf 356 0 0e0
0.11156250000000001 -inf 357 0 0e0
0.111875 -inf 358 0 0e0
0.1121875 -inf 359 0 0e0
0.1125 -inf 360 0 0e0
0.1128125 -inf 361 0 0e0
0.113125 -inf 362 0 0e0
0.1134375 -inf 363 0 0e0
0.11375 -inf 364 0 0e0
0.1140625 -inf 365 0 0e0
0.114375 -inf 366 0 0e0
0.1146875 -inf 367 0 0e0
0.115 -inf 368 0 0e0
0.1153125 -inf 369 0 0e0
0.115625 -inf 370 0 0e0
0.1159375 -inf 371 0 0e0
0.11625 -inf 372 0 0e0
0.1165625 -inf 373 0 0e0
0.116875 -inf 374 0 0e0
0.1171875 -inf 375 0 0e0
0.11750000000000001 -inf 376 0 0e0
0.1178125 -inf 377 0 0e0
0.11812500000000001 -inf 378 0 0e0
0.1184375 -inf 379 0 0e0
0.11875000000000001 -inf 380 0 0e0
0.1190625 -inf 381 0 0e0
0.11937500000000001 -inf 382 0 0e0
0.1196875 -inf 383 0 0e0
0.12 -inf 384 0 0e0
0.1203125 -inf 385 0 0e0
0.120625 -inf 386 0 0e0
0.1209375 -inf 387 0 0e0
0.12125 -inf 388 0 0e0
0.1215625 -inf 389 0 0e0
0.121875 -inf 390 0 0e0
0.1221875 -inf 391 0 0e0
0.1225 -inf 392 0 0e0
0.1228125 -inf 393 0 0e0
0.123125 -inf 394 0 0e0
0.1234375 -inf 395 0 0e0
0.12375 -inf 396 0 0e0
0.1240625 -inf 397 0 0e0
0.124375 -inf 398 0 0e0
0.1246875 -inf 399 0 0e0
0.125 -inf 400 0 0e0
0.1253125 -inf 401 0 0e0
0.12562500000000001 -inf 402 0 0e0
0.1259375 -inf 403 0 0e0
0.12625 -inf 404 0 0e0
0.1265625 -inf 405 0 0e0
0.12687500000000002 -inf 406 0 0e0
0.1271875 -inf 407 0 0e0
0.1275 -inf 408 0 0e0
0.1278125 -inf 409 0 0e0
0.128125 -inf 410 0 0e0
0.1284375 -inf 411 0 0e0
0.12875 -inf 412 0 0e0
0.1290625 -inf 413 0 0e0
0.129375 -inf 414 0 0e0
0.1296875 -inf 415 0 0e0
0.13 -inf 416 0 0e0
0.1303125 -inf 417 0 0e0
0.130625 -inf 418 0 0e0
0.1309375 -inf 419 0 0e0
0.13125 -inf 420 0 0e0
0.1315625 -inf 421 0 0e0
0.131875 -inf 422 0 0e0
0.1321875 -inf 423 0 0e0
0.1325 -inf 424 0 0e0
0.1328125 -inf 425 0 0e0
0.133125 -inf 426 0 0e0
0.13343750000000001 -inf 427 0 0e0
0.13375 -inf 428 0 0e0
0.1340625 -inf 429 0 0e0
0.134375 -inf 430 0 0e0
0.13468750000000002 -inf 431 0 0e0
0.135 -inf 432 0 0e0
0.1353125 -inf 433 0 0e0
0.135625 -inf 434 0 0e0
0.13593750000000002 -inf 435 0 0e0
0.13625 -inf 436 0 0e0
0.1365625 -inf 437 0 0e0
0.136875 -inf 438 0 0e0
0.1371875 -inf 439 0 0e0
0.1375 -inf 440 0 0e0
0.1378125 -inf 441 0 0e0
0.138125 -inf 442 0 0e0
0.1384375 -inf 443 0 0e0
0.13875 -inf 444 0 0e0
0.1390625 -inf 445 0 0e0
0.139375 -inf 446 0 0e0
0.1396875 -inf 447 0 0e0
0.14 -inf 448 0 0e0
0.1403125 -inf 449 0 0e0
0.140625 -inf 450 0 0e0
0.1409375 -inf 451 0 0e0
0.14125000000000001 -inf 452 0 0e0
0.1415625 -inf 453 0 0e0
0.141875 -inf 454 0 0e0
0.1421875 -inf 455 0 0e0
0.14250000000000002 -inf 456 0 0e0
0.1428125 -inf 457 0 0e0
0.143125 -inf 458 0 0e0
0.1434375 -inf 459 0 0e0
0.14375000000000002 -inf 460 0 0e0
0.1440625 -inf 461 0 0e0
0.144375 -inf 462 0 0e0
0.1446875 -inf 463 0 0e0
0.145 -inf 464 0 0e0
0.1453125 -inf 465 0 0e0
0.145625 -inf 466 0 0e0
0.1459375 -inf 467 0 0e0
0.14625 -inf 468 0 0e0
0.1465625 -inf 469 0 0e0
0.146875 -inf 470 0 0e0
0.1471875 -inf 471 0 0e0
0.1475 -inf 472 0 0e0
0.1478125 -inf 473 0 0e0
0.148125 -inf 474 0 0e0
0.1484375 -inf 475 0 0e0
0.14875 -inf 476 0 0e0
0.14906250000000001 -inf 477 0 0e0
0.149375 -inf 478 0 0e0
0.1496875 -inf 479 0 0e0
0.15 -inf 480 0 0e0
0.15031250000000002 -inf 481 0 0e0
0.150625 -inf 482 0 0e0
0.1509375 -inf 483 0 0e0
0.15125 -inf 484 0 0e0
0.15156250000000002 -inf 485 0 0e0
0.151875 -inf 486 0 0e0
0.1521875 -inf 487 0 0e0
0.1525 -inf 488 0 0e0
0.1528125 -inf 489 0 0e0
0.153125 -inf 490 0 0e0
0.1534375 -inf 491 0 0e0
0.15375 -inf 492 0 0e0
0.1540625 -inf 493 0 0e0
0.154375 -inf 494 0 0e0
0.1546875 -inf 495 0 0e0
0.155 -inf 496 0 0e0
0.1553125 -inf 497 0 0e0
0.155625 -inf 498 0 0e0
0.1559375 -inf 499 0 0e0
0.15625 -inf 500 0 0e0
0.1565625 -inf 501 0 0e0
0.15687500000000001 -inf 502 0 0e0
0.1571875 -inf 503 0 0e0
0.1575 -inf 504 0 0e0
0.1578125 -inf 505 0 0e0
0.15812500000000002 -inf 506 0 0e0
0.1584375 -inf 507 0 0e0
0.15875 -inf 508 0 0e0
0.1590625 -inf 509 0 0e0
0.15937500000000002 -inf 510 0 0e0
0.1596875 -inf 511 0 0e0
0.16 -inf 512 0 0e0
0.1603125 -inf 513 0 0e0
0.160625 -inf 514 0 0e0
0.1609375 -inf 515 0 0e0
0.16125 -inf 516 0 0e0
0.1615625 -inf 517 0 0e0
0.161875 -inf 518 0 0e0
0.1621875 -inf 519 0 0e0
0.1625 -inf 520 0 0e0
0.1628125 -inf 521 0 0e0
0.163125 -inf 522 0 0e0
0.1634375 -inf 523 0 0e0
0.16375 -inf 524 0 0e0
0.1640625 -inf 525 0 0e0
0.164375 -inf 526 0 0e0
0.16468750000000001 -inf 527 0 0e0
0.165 -inf 528 0 0e0
0.1653125 -inf 529 0 0e0
0.165625 -inf 530 0 0e0
0.16593750000000002 -inf 531 0 0e0
0.16625 -inf 532 0 0e0
0.1665625 -inf 533 0 0e0
0.166875 -inf 534 0 0e0
0.16718750000000002 -inf 535 0 0e0
0.1675 -inf 536 0 0e0
0.1678125 -inf 537 0 0e0
0.168125 -inf 538 0 0e0
0.1684375 -inf 539 0 0e0
0.16875 -inf 540 0 0e0
0.1690625 -inf 541 0 0e0
0.169375 -inf 542 0 0e0
0.1696875 -inf 543 0 0e0
0.17 -inf 544 0 0e0
0.1703125 -inf 545 0 0e0
0.170625 -inf 546 0 0e0
0.1709375 -inf 547 0 0e0
0.17125 -inf 548 0 0e0
0.1715625 -inf 549 0 0e0
0.171875 -inf 550 0 0e0
0.1721875 -inf 551 0 0e0
0.17250000000000001 -inf 552 0 0e0
0.1728125 -inf 553 0 0e0
0.173125 -inf 554 0 0e0
0.1734375 -inf 555 0 0e0
0.17375000000000002 -inf 556 0 0e0
0.1740625 -inf 557 0 0e0
0.174375 -inf 558 0 0e0
0.1746875 -inf 559 0 0e0
0.17500000000000002 -inf 560 0 0e0
0.1753125 -inf 561 0 0e0
0.175625 -inf 562 0 0e0
0.1759375 -inf 563 0 0e0
0.17625 -inf 564 0 0e0
0.1765625 -inf 565 0 0e0
0.176875 -inf 566 0 0e0
0.1771875 -inf 567 0 0e0
0.1775 -inf 568 0 0e0
0.1778125 -inf 569 0 0e0
0.178125 -inf 570 0 0e0
0.1784375 -inf 571 0 0e0
0.17875 -inf 572 0 0e0
0.1790625 -inf 573 0 0e0
0.179375 -inf 574 0 0e0
0.1796875 -inf 575 0 0e0
0.18 -inf 576 0 0e0
0.18031250000000001 -inf 577 0 0e0
0.180625 -inf 578 0 0e0
0.1809375 -inf 579 0 0e0
0.18125 -inf 580 0 0e0
0.18156250000000002 -inf 581 0 0e0
0.181875 -inf 582 0 0e0
0.1821875 -inf 583 0 0e0
0.1825 -inf 584 0 0e0
0.18281250000000002 -inf 585 0 0e0
0.183125 -inf 586 0 0e0
0.1834375 -inf 587 0 0e0
0.18375 -inf 588 0 0e0
0.1840625 -inf 589 0 0e0
0.184375 -inf 590 0 0e0
0.1846875 -inf 591 0 0e0
0.185 -inf 592 0 0e0
0.1853125 -inf 593 0 0e0
0.185625 -inf 594 0 0e0
0.1859375 -inf 595 0 0e0
0.18625 -inf 596 0 0e0
0.1865625 -inf 597 0 0e0
0.186875 -inf 598 0 0e0
0.1871875 -inf 599 0 0e0
0.1875 -inf 600 0 0e0
0.1878125 -inf 601 0 0e0
0.18812500000000001 -inf 602 0 0e0
0.1884375 -inf 603 0 0e0
0.18875 -inf 604 0 0e0
0.1890625 -inf 605 0 0e0
0.18937500000000002 -inf 606 0 0e0
0.1896875 -inf 607 0 0e0
0.19 -inf 608 0 0e0
0.1903125 -inf 609 0 0e0
0.19062500000000002 -inf 610 0 0e0
0.1909375 -inf 611 0 0e0
0.19125 -inf 612 0 0e0
0.1915625 -inf 613 0 0e0
0.19187500000000002 -inf 614 0 0e0
0.1921875 -inf 615 0 0e0
0.1925 -inf 616 0 0e0
0.1928125 -inf 617 0 0e0
0.193125 -inf 618 0 0e0
0.1934375 -inf 619 0 0e0
0.19375 -inf 620 0 0e0
0.1940625 -inf 621 0 0e0
0.194375 -inf 622 0 0e0
0.1946875 -inf 623 0 0e0
0.195 -inf 624 0 0e0
0.1953125 -inf 625 0 0e0
0.195625 -inf 626 0 0e0
0.19593750000000001 -inf 627 0 0e0
0.19625 -inf 628 0 0e0
0.1965625 -inf 629 0 0e0
0.196875 -inf 630 0 0e0
0.19718750000000002 -inf 631 0 0e0
0.1975 -inf 632 0 0e0
0.1978125 -inf 633 0 0e0
0.198125 -inf 634 0 0e0
0.19843750000000002 -inf 635 0 0e0
0.19875 -inf 636 0 0e0
0.1990625 -inf 637 0 0e0
0.199375 -inf 638 0 0e0
0.19968750000000002 -inf 639 0 0e0
0.2 -inf 640 0 0e0
0.2003125 -inf 641 0 0e0
0.200625 -inf 642 0 0e0
0.2009375 -inf 643 0 0e0
0.20125 -inf 644 0 0e0
0.2015625 -inf 645 0 0e0
0.201875 -inf 646 0 0e0
0.2021875 -inf 647 0 0e0
0.2025 -inf 648 0 0e0
0.2028125 -inf 649 0 0e0
0.203125 -inf 650 0 0e0
0.2034375 -inf 651 0 0e0
0.20375000000000001 -inf 652 0 0e0
0.2040625 -inf 653 0 0e0
0.204375 -inf 654 0 0e0
0.2046875 -inf 655 0 0e0
0.20500000000000002 -inf 656 0 0e0
0.2053125 -inf 657 0 0e0
0.205625 -inf 658 0 0e0
0.2059375 -inf 659 0 0e0
0.20625000000000002 -inf 660 0 0e0
0.2065625 -inf 661 0 0e0
0.206875 -inf 662 0 0e0
0.2071875 -inf 663 0 0e0
0.20750000000000002 -inf 664 0 0e0
0.2078125 -inf 665 0 0e0
0.208125 -inf 666 0 0e0
0.2084375 -inf 667 0 0e0
0.20875 -inf 668 0 0e0
0.2090625 -inf 669 0 0e0
0.209375 -inf 670 0 0e0
0.2096875 -inf 671 0 0e0
0.21 -inf 672 0 0e0
0.2103125 -inf 673 0 0e0
0.210625 -inf 674 0 0e0
0.2109375 -inf 675 0 0e0
0.21125 -inf 676 0 0e0
0.21156250000000001 -inf 677 0 0e0
0.211875 -inf 678 0 0e0
0.2121875 -inf 679 0 0e0
0.2125 -inf 680 0 0e0
0.21281250000000002 -inf 681 0 0e0
0.213125 -inf 682 0 0e0
0.2134375 -inf 683 0 0e0
0.21375 -inf 684 0 0e0
0.21406250000000002 -inf 685 0 0e0
0.214375 -inf 686 0 0e0
0.2146875 -inf 687 0 0e0
0.215 -inf 688 0 0e0
0.21531250000000002 -inf 689 0 0e0
0.215625 -inf 690 0 0e0
0.2159375 -inf 691 0 0e0
0.21625 -inf 692 0 0e0
0.2165625 -inf 693 0 0e0
0.216875 -inf 694 0 0e0
0.2171875 -inf 695 0 0e0
0.2175 -inf 696 0 0e0
0.2178125 -inf 697 0 0e0
0.218125 -inf 698 0 0e0
0.2184375 -inf 699 0 0e0
0.21875 -inf 700 0 0e0
0.2190625 -inf 701 0 0e0
0.21937500000000001 -inf 702 0 0e0
0.2196875 -inf 703 0 0e0
0.22 -inf 704 0 0e0
0.2203125 -inf 705 0 0e0
0.22062500000000002 -inf 706 0 0e0
0.2209375 -inf 707 0 0e0
0.22125 -inf 708 0 0e0
0.2215625 -inf 709 0 0e0
0.22187500000000002 -inf 710 0 0e0
0.2221875 -inf 711 0 0e0
0.2225 -inf 712 0 0e0
0.2228125 -inf 713 0 0e0
0.22312500000000002 -inf 714 0 0e0
0.2234375 -inf 715 0 0e0
0.22375 -inf 716 0 0e0
0.2240625 -inf 717 0 0e0
0.224375 -inf 718 0 0e0
0.2246875 -inf 719 0 0e0
0.225 -inf 720 0 0e0
0.2253125 -inf 721 0 0e0
0.225625 -inf 722 0 0e0
0.2259375 -inf 723 0 0e0
0.22625 -inf 724 0 0e0
0.2265625 -inf 725 0 0e0
0.226875 -inf 726 0 0e0
0.22718750000000001 -inf 727 0 0e0
0.2275 -inf 728 0 0e0
0.2278125 -inf 729 0 0e0
0.228125 -inf 730 0 0e0
0.22843750000000002 -inf 731 0 0e0
0.22875 -inf 732 0 0e0
0.2290625 -inf 733 0 0e0
0.229375 -inf 734 0 0e0
0.22968750000000002 -inf 735 0 0e0
0.23 -inf 736 0 0e0
0.2303125 -inf 737 0 0e0
0.230625 -inf 738 0 0e0
0.23093750000000002 -inf 739 0 0e0
0.23125 -inf 740 0 0e0
0.2315625 -inf 741 0 0e0
0.231875 -inf 742 0 0e0
0.2321875 -inf 743 0 0e0
0.2325 -inf 744 0 0e0
0.2328125 -inf 745 0 0e0
0.233125 -inf 746 0 0e0
0.2334375 -inf 747 0 0e0
0.23375 -inf 748 0 0e0
0.2340625 -inf 749 0 0e0
0.234375 -inf 750 0 0e0
0.2346875 -inf 751 0 0e0
0.23500000000000001 -inf 752 0 0e0
0.2353125 -inf 753 0 0e0
0.235625 -inf 754 0 0e0
0.2359375 -inf 755 0 0e0
0.23625000000000002 -inf 756 0 0e0
0.2365625 -inf 757 0 0e0
0.236875 -inf 758 0 0e0
0.2371875 -inf 759 0 0e0
0.23750000000000002 -inf 760 0 0e0
0.2378125 -inf 761 0 0e0
0.238125 -inf 762 0 0e0
0.2384375 -inf 763 0 0e0
0.23875000000000002 -inf 764 0 0e0
0.2390625 -inf 765 0 0e0
0.239375 -inf 766 0 0e0
0.2396875 -inf 767 0 0e0
0.24 -inf 768 0 0e0
0.2403125 -inf 769 0 0e0
0.240625 -inf 770 0 0e0
0.2409375 -inf 771 0 0e0
0.24125 -inf 772 0 0e0
0.2415625 -inf 773 0 0e0
0.241875 -inf 774 0 0e0
0.2421875 -inf 775 0 0e0
0.2425 -inf 776 0 0e0
0.24281250000000001 -inf 777 0 0e0
0.243125 -inf 778 0 0e0
0.2434375 -inf 779 0 0e0
0.24375 -inf 780 0 0e0
0.24406250000000002 -inf 781 0 0e0
0.244375 -inf 782 0 0e0
0.2446875 -inf 783 0 0e0
0.245 -inf 784 0 0e0
0.24531250000000002 -inf 785 0 0e0
0.245625 -inf 786 0 0e0
0.2459375 -inf 787 0 0e0
0.24625 -inf 788 0 0e0
0.24656250000000002 -inf 789 0 0e0
0.246875 -inf 790 0 0e0
0.2471875 -inf 791 0 0e0
0.2475 -inf 792 0 0e0
0.24781250000000002 -inf 793 0 0e0
0.248125 -inf 794 0 0e0
0.2484375 -inf 795 0 0e0
0.24875 -inf 796 0 0e0
0.2490625 -inf 797 0 0e0
0.249375 -inf 798 0 0e0
0.2496875 -inf 799 0 0e0
0.25 -inf 800 0 0e0
0.2503125 -inf 801 0 0e0
0.250625 -inf 802 0 0e0
0.2509375 -inf 803 0 0e0
0.25125000000000003 -inf 804 0 0e0
0.2515625 -inf 805 0 0e0
0.251875 -inf 806 0 0e0
0.2521875 -inf 807 0 0e0
0.2525 -inf 808 0 0e0
0.2528125 -inf 809 0 0e0
0.253125 -inf 810 0 0e0
0.2534375 -inf 811 0 0e0
0.25375000000000003 -inf 812 0 0e0
0.2540625 -inf 813 0 0e0
0.254375 -inf 814 0 0e0
0.2546875 -inf 815 0 0e0
0.255 -inf 816 0 0e0
0.2553125 -inf 817 0 0e0
0.255625 -inf 818 0 0e0
0.2559375 -inf 819 0 0e0
0.25625 -inf 820 0 0e0
0.2565625 -inf 821 0 0e0
0.256875 -inf 822 0 0e0
0.2571875 -inf 823 0 0e0
0.2575 -inf 824 0 0e0
0.2578125 -inf 825 0 0e0
0.258125 -inf 826 0 0e0
0.2584375 -inf 827 0 0e0
0.25875 -inf 828 0 0e0
0.25906250000000003 -inf 829 0 0e0
0.259375 -inf 830 0 0e0
0.2596875 -inf 831 0 0e0
0.26 -inf 832 0 0e0
0.2603125 -inf 833 0 0e0
0.260625 -inf 834 0 0e0
0.2609375 -inf 835 0 0e0
0.26125 -inf 836 0 0e0
0.26156250000000003 -inf 837 0 0e0
0.261875 -inf 838 0 0e0
0.2621875 -inf 839 0 0e0
0.2625 -inf 840 0 0e0
0.2628125 -inf 841 0 0e0
0.263125 -inf 842 0 0e0
0.2634375 -inf 843 0 0e0
0.26375 -inf 844 0 0e0
0.2640625 -inf 845 0 0e0
0.264375 -inf 846 0 0e0
0.2646875 -inf 847 0 0e0
0.265 -inf 848 0 0e0
0.2653125 -inf 849 0 0e0
0.265625 -inf 850 0 0e0
0.2659375 -inf 851 0 0e0
0.26625 -inf 852 0 0e0
0.2665625 -inf 853 0 0e0
0.26687500000000003 -inf 854 0 0e0
0.2671875 -inf 855 0 0e0
0.2675 -inf 856 0 0e0
0.2678125 -inf 857 0 0e0
0.268125 -inf 858 0 0e0
0.2684375 -inf 859 0 0e0
0.26875 -inf 860 0 0e0
0.2690625 -inf 861 0 0e0
0.26937500000000003 -inf 862 0 0e0
0.2696875 -inf 863 0 0e0
0.27 -inf 864 0 0e0
0.2703125 -inf 865 0 0e0
0.270625 -inf 866 0 0e0
0.2709375 -inf 867 0 0e0
0.27125 -inf 868 0 0e0
0.2715625 -inf 869 0 0e0
0.27187500000000003 -inf 870 0 0e0
0.2721875 -inf 871 0 0e0
0.2725 -inf 872 0 0e0
0.2728125 -inf 873 0 0e0
0.273125 -inf 874 0 0e0
0.2734375 -inf 875 0 0e0
0.27375 -inf 876 0 0e0
0.2740625 -inf 877 0 0e0
0.274375 -inf 878 0 0e0
0.27468750000000003 -inf 879 0 0e0
0.275 -inf 880 0 0e0
0.2753125 -inf 881 0 0e0
0.275625 -inf 882 0 0e0
0.2759375 -inf 883 0 0e0
0.27625 -inf 884 0 0e0
0.2765625 -inf 885 0 0e0
0.276875 -inf 886 0 0e0
0.27718750000000003 -inf 887 0 0e0
0.2775 -inf 888 0 0e0
0.2778125 -inf 889 0 0e0
0.278125 -inf 890 0 0e0
0.2784375 -inf 891 0 0e0
0.27875 -inf 892 0 0e0
0.2790625 -inf 893 0 0e0
0.279375 -inf 894 0 0e0
0.27968750000000003 -inf 895 0 0e0
0.28 -inf 896 0 0e0
0.2803125 -inf 897 0 0e0
0.280625 -inf 898 0 0e0
0.2809375 -inf 899 0 0e0
0.28125 -inf 900 0 0e0
0.2815625 -inf 901 0 0e0
0.281875 -inf 902 0 0e0
0.2821875 -inf 903 0 0e0
0.28250000000000003 -inf 904 0 0e0
0.2828125 -inf 905 0 0e0
0.283125 -inf 906 0 0e0
0.2834375 -inf 907 0 0e0
0.28375 -inf 908 0 0e0
0.2840625 -inf 909 0 0e0
0.284375 -inf 910 0 0e0
0.2846875 -inf 911 0 0e0
0.28500000000000003 -inf 912 0 0e0
0.2853125 -inf 913 0 0e0
0.285625 -inf 914 0 0e0
0.2859375 -inf 915 0 0e0
0.28625 -inf 916 0 0e0
0.2865625 -inf 917 0 0e0
0.286875 -inf 918 0 0e0
0.2871875 -inf 919 0 0e0
0.28750000000000003 -inf 920 0 0e0
0.2878125 -inf 921 0 0e0
0.288125 -inf 922 0 0e0
0.2884375 -inf 923 0 0e0
0.28875 -inf 924 0 0e0
0.2890625 -inf 925 0 0e0
0.289375 -inf 926 0 0e0
0.2896875 -inf 927 0 0e0
0.29 -inf 928 0 0e0
0.29031250000000003 -inf 929 0 0e0
0.290625 -inf 930 0 0e0
0.2909375 -inf 931 0 0e0
0.29125 -inf 932 0 0e0
0.2915625 -inf 933 0 0e0
0.291875 -inf 934 0 0e0
0.2921875 -inf 935 0 0e0
0.2925 -inf 936 0 0e0
0.29281250000000003 -inf 937 0 0e0
0.293125 -inf 938 0 0e0
0.2934375 -inf 939 0 0e0
0.29375 -inf 940 0 0e0
0.2940625 -inf 941 0 0e0
0.294375 -inf 942 0 0e0
0.2946875 -inf 943 0 0e0
0.295 -inf 944 0 0e0
0.29531250000000003 -inf 945 0 0e0
0.295625 -inf 946 0 0e0
0.2959375 -inf 947 0 0e0
0.29625 -inf 948 0 0e0
0.2965625 -inf 949 0 0e0
0.296875 -inf 950 0 0e0
0.2971875 -inf 951 0 0e0
0.2975 -inf 952 0 0e0
0.2978125 -inf 953 0 0e0
0.29812500000000003 -inf 954 0 0e0
0.2984375 -inf 955 0 0e0
0.29875 -inf 956 0 0e0
0.2990625 -inf 957 0 0e0
0.299375 -inf 958 0 0e0
0.2996875 -inf 959 0 0e0
0.3 -inf 960 0 0e0
0.3003125 -inf 961 0 0e0
0.30062500000000003 -inf 962 0 0e0
0.3009375 -inf 963 0 0e0
0.30125 -inf 964 0 0e0
0.3015625 -inf 965 0 0e0
0.301875 -inf 966 0 0e0
0.3021875 -inf 967 0 0e0
0.3025 -inf 968 0 0e0
0.3028125 -inf 969 0 0e0
0.30312500000000003 -inf 970 0 0e0
0.3034375 -inf 971 0 0e0
0.30375 -inf 972 0 0e0
0.3040625 -inf 973 0 0e0
0.304375 -inf 974 0 0e0
0.3046875 -inf 975 0 0e0
0.305 -inf 976 0 0e0
0.3053125 -inf 977 0 0e0
0.305625 -inf 978 0 0e0
0.30593750000000003 -inf 979 0 0e0
0.30625 -inf 980 0 0e0
0.3065625 -inf 981 0 0e0
0.306875 -inf 982 0 0e0
0.3071875 -inf 983 0 0e0
0.3075 -inf 984 0 0e0
0.3078125 -inf 985 0 0e0
0.308125 -inf 986 0 0e0
0.30843750000000003 -inf 987 0 0e0
0.30875 -inf 988 0 0e0
0.3090625 -inf 989 0 0e0
0.309375 -inf 990 0 0e0
0.3096875 -inf 991 0 0e0
0.31 -inf 992 0 0e0
0.3103125 -inf 993 0 0e0
0.310625 -inf 994 0 0e0
0.31093750000000003 -inf 995 0 0e0
0.31125 -inf 996 0 0e0
0.3115625 -inf 997 0 0e0
0.311875 -inf 998 0 0e0
0.3121875 -inf 999 0 0e0
0.3125 -inf 1000 0 0e0
0.3128125 -inf 1001 0 0e0
0.313125 -inf 1002 0 0e0
0.3134375 -inf 1003 0 0e0
0.31375000000000003 -inf 1004 0 0e0
0.3140625 -inf 1005 0 0e0
0.314375 -inf 1006 0 0e0
0.3146875 -inf 1007 0 0e0
0.315 -inf 1008 0 0e0
0.3153125 -inf 1009 0 0e0
0.315625 -inf 1010 0 0e0
0.3159375 -inf 1011 0 0e0
0.31625000000000003 -inf 1012 0 0e0
0.3165625 -inf 1013 0 0e0
0.316875 -inf 1014 0 0e0
0.3171875 -inf 1015 0 0e0
0.3175 -inf 1016 0 0e0
0.3178125 -inf 1017 0 0e0
0.318125 -inf 1018 0 0e0
0.3184375 -inf 1019 0 0e0
0.31875000000000003 -inf 1020 0 0e0
0.3190625 -inf 1021 0 0e0
0.319375 -inf 1022 0 0e0
0.3196875 -inf 1023 0 0e0
0.32 -inf 1024 0 0e0
0.3203125 -inf 1025 0 0e0
0.320625 -inf 1026 0 0e0
0.3209375 -inf 1027 0 0e0
0.32125 -inf 1028 0 0e0
0.32156250000000003 -inf 1029 0 0e0
0.321875 -inf 1030 0 0e0
0.3221875 -inf 1031 0 0e0
0.3225 -inf 1032 0 0e0
0.3228125 -inf 1033 0 0e0
0.323125 -inf 1034 0 0e0
0.3234375 -inf 1035 0 0e0
0.32375 -inf 1036 0 0e0
0.32406250000000003 -inf 1037 0 0e0
0.324375 -inf 1038 0 0e0
0.3246875 -inf 1039 0 0e0
0.325 -inf 1040 0 0e0
0.3253125 -inf 1041 0 0e0
0.325625 -inf 1042 0 0e0
0.3259375 -inf 1043 0 0e0
0.32625 -inf 1044 0 0e0
0.32656250000000003 -inf 1045 0 0e0
0.326875 -inf 1046 0 0e0
0.3271875 -inf 1047 0 0e0
0.3275 -inf 1048 0 0e0
0.3278125 -inf 1049 0 0e0
0.328125 -inf 1050 0 0e0
0.3284375 -inf 1051 0 0e0
0.32875 -inf 1052 0 0e0
0.3290625 -inf 1053 0 0e0
0.32937500000000003 -inf 1054 0 0e0
0.3296875 -inf 1055 0 0e0
0.33 -inf 1056 0 0e0
0.3303125 -inf 1057 0 0e0
0.330625 -inf 1058 0 0e0
0.3309375 -inf 1059 0 0e0
0.33125 -inf 1060 0 0e0
0.3315625 -inf 1061 0 0e0
0.33187500000000003 -inf 1062 0 0e0
0.3321875 -inf 1063 0 0e0
0.3325 -inf 1064 0 0e0
0.3328125 -inf 1065 0 0e0
0.333125 -inf 1066 0 0e0
0.3334375 -inf 1067 0 0e0
0.33375 -inf 1068 0 0e0
0.3340625 -inf 1069 0 0e0
0.33437500000000003 -inf 1070 0 0e0
0.3346875 -inf 1071 0 0e0
0.335 -inf 1072 0 0e0
0.3353125 -inf 1073 0 0e0
0.335625 -inf 1074 0 0e0
0.3359375 -inf 1075 0 0e0
0.33625 -inf 1076 0 0e0
0.3365625 -inf 1077 0 0e0
0.336875 -inf 1078 0 0e0
0.33718750000000003 -inf 1079 0 0e0
0.3375 -inf 1080 0 0e0
0.3378125 -inf 1081 0 0e0
0.338125 -inf 1082 0 0e0
0.3384375 -inf 1083 0 0e0
0.33875 -inf 1084 0 0e0
0.3390625 -inf 1085 0 0e0
0.339375 -inf 1086 0 0e0
0.33968750000000003 -inf 1087 0 0e0
0.34 -inf 1088 0 0e0
0.3403125 -inf 1089 0 0e0
0.340625 -inf 1090 0 0e0
0.3409375 -inf 1091 0 0e0
0.34125 -inf 1092 0 0e0
0.3415625 -inf 1093 0 0e0
0.341875 -inf 1094 0 0e0
0.34218750000000003 -inf 1095 0 0e0
0.3425 -inf 1096 0 0e0
0.3428125 -inf 1097 0 0e0
0.343125 -inf 1098 0 0e0
0.3434375 -inf 1099 0 0e0
0.34375 -inf 1100 0 0e0
0.3440625 -inf 1101 0 0e0
0.344375 -inf 1102 0 0e0
0.3446875 -inf 1103 0 0e0
0.34500000000000003 -inf 1104 0 0e0
0.3453125 -inf 1105 0 0e0
0.345625 -inf 1106 0 0e0
0.3459375 -inf 1107 0 0e0
0.34625 -inf 1108 0 0e0
0.3465625 -inf 1109 0 0e0
0.346875 -inf 1110 0 0e0
0.3471875 -inf 1111 0 0e0
0.34750000000000003 -inf 1112 0 0e0
0.3478125 -inf 1113 0 0e0
0.348125 -inf 1114 0 0e0
0.3484375 -inf 1115 0 0e0
0.34875 -inf 1116 0 0e0
0.3490625 -inf 1117 0 0e0
0.349375 -inf 1118 0 0e0
0.3496875 -inf 1119 0 0e0
0.35000000000000003 -inf 1120 0 0e0
0.3503125 -inf 1121 0 0e0
0.350625 -inf 1122 0 0e0
0.3509375 -inf 1123 0 0e0
0.35125 -inf 1124 0 0e0
0.3515625 -inf 1125 0 0e0
0.351875 -inf 1126 0 0e0
0.3521875 -inf 1127 0 0e0
0.3525 -inf 1128 0 0e0
0.35281250000000003 -inf 1129 0 0e0
0.353125 -inf 1130 0 0e0
0.3534375 -inf 1131 0 0e0
0.35375 -inf 1132 0 0e0
0.3540625 -inf 1133 0 0e0
0.354375 -inf 1134 0 0e0
0.3546875 -inf 1135 0 0e0
0.355 -inf 1136 0 0e0
0.35531250000000003 -inf 1137 0 0e0
0.355625 -inf 1138 0 0e0
0.3559375 -inf 1139 0 0e0
0.35625 -inf 1140 0 0e0
0.3565625 -inf 1141 0 0e0
0.356875 -inf 1142 0 0e0
0.3571875 -inf 1143 0 0e0
0.3575 -inf 1144 0 0e0
0.35781250000000003 -inf 1145 0 0e0
0.358125 -inf 1146 0 0e0
0.3584375 -inf 1147 0 0e0
0.35875 -inf 1148 0 0e0
0.3590625 -inf 1149 0 0e0
0.359375 -inf 1150 0 0e0
0.3596875 -inf 1151 0 0e0
0.36 -inf 1152 0 0e0
0.3603125 -inf 1153 0 0e0
0.36062500000000003 -inf 1154 0 0e0
0.3609375 -inf 1155 0 0e0
0.36125 -inf 1156 0 0e0
0.3615625 -inf 1157 0 0e0
0.361875 -inf 1158 0 0e0
0.3621875 -inf 1159 0 0e0
0.3625 -inf 1160 0 0e0
0.3628125 -inf 1161 0 0e0
0.36312500000000003 -inf 1162 0 0e0
0.3634375 -inf 1163 0 0e0
0.36375 -inf 1164 0 0e0
0.3640625 -inf 1165 0 0e0
0.364375 -inf 1166 0 0e0
0.3646875 -inf 1167 0 0e0
0.365 -inf 1168 0 0e0
0.3653125 -inf 1169 0 0e0
0.36562500000000003 -inf 1170 0 0e0
0.3659375 -inf 1171 0 0e0
0.36625 -inf 1172 0 0e0
0.3665625 -inf 1173 0 0e0
0.366875 -inf 1174 0 0e0
0.3671875 -inf 1175 0 0e0
0.3675 -inf 1176 0 0e0
0.3678125 -inf 1177 0 0e0
0.368125 -inf 1178 0 0e0
0.36843750000000003 -inf 1179 0 0e0
0.36875 -inf 1180 0 0e0
0.3690625 -inf 1181 0 0e0
0.369375 -inf 1182 0 0e0
0.3696875 -inf 1183 0 0e0
0.37 -inf 1184 0 0e0
0.3703125 -inf 1185 0 0e0
0.370625 -inf 1186 0 0e0
0.37093750000000003 -inf 1187 0 0e0
0.37125 -inf 1188 0 0e0
0.3715625 -inf 1189 0 0e0
0.371875 -inf 1190 0 0e0
0.3721875 -inf 1191 0 0e0
0.3725 -inf 1192 0 0e0
0.3728125 -inf 1193 0 0e0
0.373125 -inf 1194 0 0e0
0.37343750000000003 -inf 1195 0 0e0
0.37375 -inf 1196 0 0e0
0.3740625 -inf 1197 0 0e0
0.374375 -inf 1198 0 0e0
0.3746875 -inf 1199 0 0e0
0.375 -inf 1200 0 0e0
0.3753125 -inf 1201 0 0e0
0.375625 -inf 1202 0 0e0
0.37593750000000004 -inf 1203 0 0e0
0.37625000000000003 -inf 1204 0 0e0
0.3765625 -inf 1205 0 0e0
0.376875 -inf 1206 0 0e0
0.3771875 -inf 1207 0 0e0
0.3775 -inf 1208 0 0e0
0.3778125 -inf 1209 0 0e0
0.378125 -inf 1210 0 0e0
0.3784375 -inf 1211 0 0e0
0.37875000000000003 -inf 1212 0 0e0
0.3790625 -inf 1213 0 0e0
0.379375 -inf 1214 0 0e0
0.3796875 -inf 1215 0 0e0
0.38 -inf 1216 0 0e0
0.3803125 -inf 1217 0 0e0
0.380625 -inf 1218 0 0e0
0.3809375 -inf 1219 0 0e0
0.38125000000000003 -inf 1220 0 0e0
0.3815625 -inf 1221 0 0e0
0.381875 -inf 1222 0 0e0
0.3821875 -inf 1223 0 0e0
0.3825 -inf 1224 0 0e0
0.3828125 -inf 1225 0 0e0
0.383125 -inf 1226 0 0e0
0.3834375 -inf 1227 0 0e0
0.38375000000000004 -inf 1228 0 0e0
0.38406250000000003 -inf 1229 0 0e0
0.384375 -inf 1230 0 0e0
0.3846875 -inf 1231 0 0e0
0.385 -inf 1232 0 0e0
0.3853125 -inf 1233 0 0e0
0.385625 -inf 1234 0 0e0
0.3859375 -inf 1235 0 0e0
0.38625 -inf 1236 0 0e0
0.38656250000000003 -inf 1237 0 0e0
0.386875 -inf 1238 0 0e0
0.3871875 -inf 1239 0 0e0
0.3875 -inf 1240 0 0e0
0.3878125 -inf 1241 0 0e0
0.388125 -inf 1242 0 0e0
0.3884375 -inf 1243 0 0e0
0.38875 -inf 1244 0 0e0
0.38906250000000003 -inf 1245 0 0e0
0.389375 -inf 1246 0 0e0
0.3896875 -inf 1247 0 0e0
0.39 -inf 1248 0 0e0
0.3903125 -inf 1249 0 0e0
0.390625 -inf 1250 0 0e0
0.3909375 -inf 1251 0 0e0
0.39125 -inf 1252 0 0e0
0.39156250000000004 -inf 1253 0 0e0
0.39187500000000003 -inf 1254 0 0e0
0.3921875 -inf 1255 0 0e0
0.3925 -inf 1256 0 0e0
0.3928125 -inf 1257 0 0e0
0.393125 -inf 1258 0 0e0
0.3934375 -inf 1259 0 0e0
0.39375 -inf 1260 0 0e0
0.3940625 -inf 1261 0 0e0
0.39437500000000003 -inf 1262 0 0e0
0.3946875 -inf 1263 0 0e0
0.395 -inf 1264 0 0e0
0.3953125 -inf 1265 0 0e0
0.395625 -inf 1266 0 0e0
0.3959375 -inf 1267 0 0e0
0.39625 -inf 1268 0 0e0
0.3965625 -inf 1269 0 0e0
0.39687500000000003 -inf 1270 0 0e0
0.3971875 -inf 1271 0 0e0
0.3975 -inf 1272 0 0e0
0.3978125 -inf 1273 0 0e0
0.398125 -inf 1274 0 0e0
0.3984375 -inf 1275 0 0e0
0.39875 -inf 1276 0 0e0
0.3990625 -inf 1277 0 0e0
0.39937500000000004 -inf 1278 0 0e0
0.39968750000000003 -inf 1279 0 0e0
0.4 -inf 1280 0 0e0
0.4003125 -inf 1281 0 0e0
0.400625 -inf 1282 0 0e0
0.4009375 -inf 1283 0 0e0
0.40125 -inf 1284 0 0e0
0.4015625 -inf 1285 0 0e0
0.401875 -inf 1286 0 0e0
0.40218750000000003 -inf 1287 0 0e0
0.4025 -inf 1288 0 0e0
0.4028125 -inf 1289 0 0e0
0.403125 -inf 1290 0 0e0
0.4034375 -inf 1291 0 0e0
0.40375 -inf 1292 0 0e0
0.4040625 -inf 1293 0 0e0
0.404375 -inf 1294 0 0e0
0.40468750000000003 -inf 1295 0 0e0
0.405 -inf 1296 0 0e0
0.4053125 -inf 1297 0 0e0
0.405625 -inf 1298 0 0e0
0.4059375 -inf 1299 0 0e0
0.40625 -inf 1300 0 0e0
0.4065625 -inf 1301 0 0e0
0.406875 -inf 1302 0 0e0
0.40718750000000004 -inf 1303 0 0e0
0.40750000000000003 -inf 1304 0 0e0
0.4078125 -inf 1305 0 0e0
0.408125 -inf 1306 0 0e0
0.4084375 -inf 1307 0 0e0
0.40875 -inf 1308 0 0e0
0.4090625 -inf 1309 0 0e0
0.409375 -inf 1310 0 0e0
0.4096875 -inf 1311 0 0e0
0.41000000000000003 -inf 1312 0 0e0
0.4103125 -inf 1313 0 0e0
0.410625 -inf 1314 0 0e0
0.4109375 -inf 1315 0 0e0
0.41125 -inf 1316 0 0e0
0.4115625 -inf 1317 0 0e0
0.411875 -inf 1318 0 0e0
0.4121875 -inf 1319 0 0e0
0.41250000000000003 -inf 1320 0 0e0
0.4128125 -inf 1321 0 0e0
0.413125 -inf 1322 0 0e0
0.4134375 -inf 1323 0 0e0
0.41375 -inf 1324 0 0e0
0.4140625 -inf 1325 0 0e0
0.414375 -inf 1326 0 0e0
0.4146875 -inf 1327 0 0e0
0.41500000000000004 -inf 1328 0 0e0
0.41531250000000003 -inf 1329 0 0e0
0.415625 -inf 1330 0 0e0
0.4159375 -inf 1331 0 0e0
0.41625 -inf 1332 0 0e0
0.4165625 -inf 1333 0 0e0
0.416875 -inf 1334 0 0e0
0.4171875 -inf 1335 0 0e0
0.4175 -inf 1336 0 0e0
0.41781250000000003 -inf 1337 0 0e0
0.418125 -inf 1338 0 0e0
0.4184375 -inf 1339 0 0e0
0.41875 -inf 1340 0 0e0
0.4190625 -inf 1341 0 0e0
0.419375 -inf 1342 0 0e0
0.4196875 -inf 1343 0 0e0
0.42 -inf 1344 0 0e0
0.42031250000000003 -inf 1345 0 0e0
0.420625 -inf 1346 0 0e0
0.4209375 -inf 1347 0 0e0
0.42125 -inf 1348 0 0e0
0.4215625 -inf 1349 0 0e0
0.421875 -inf 1350 0 0e0
0.4221875 -inf 1351 0 0e0
0.4225 -inf 1352 0 0e0
0.42281250000000004 -inf 1353 0 0e0
0.42312500000000003 -inf 1354 0 0e0
0.4234375 -inf 1355 0 0e0
0.42375 -inf 1356 0 0e0
0.4240625 -inf 1357 0 0e0
0.424375 -inf 1358 0 0e0
0.4246875 -inf 1359 0 0e0
0.425 -inf 1360 0 0e0
0.4253125 -inf 1361 0 0e0
0.42562500000000003 -inf 1362 0 0e0
0.4259375 -inf 1363 0 0e0
0.42625 -inf 1364 0 0e0
0.4265625 -inf 1365 0 0e0
0.426875 -inf 1366 0 0e0
0.4271875 -inf 1367 0 0e0
0.4275 -inf 1368 0 0e0
0.4278125 -inf 1369 0 0e0
0.42812500000000003 -inf 1370 0 0e0
0.4284375 -inf 1371 0 0e0
0.42875 -inf 1372 0 0e0
0.4290625 -inf 1373 0 0e0
0.429375 -inf 1374 0 0e0
0.4296875 -inf 1375 0 0e0
0.43 -inf 1376 0 0e0
0.4303125 -inf 1377 0 0e0
0.43062500000000004 -inf 1378 0 0e0
0.43093750000000003 -inf 1379 0 0e0
0.43125 -inf 1380 0 0e0
0.4315625 -inf 1381 0 0e0
0.431875 -inf 1382 0 0e0
0.4321875 -inf 1383 0 0e0
0.4325 -inf 1384 0 0e0
0.4328125 -inf 1385 0 0e0
0.433125 -inf 1386 0 0e0
0.43343750000000003 -inf 1387 0 0e0
0.43375 -inf 1388 0 0e0
0.4340625 -inf 1389 0 0e0
0.434375 -inf 1390 0 0e0
0.4346875 -inf 1391 0 0e0
0.435 -inf 1392 0 0e0
0.4353125 -inf 1393 0 0e0
0.435625 -inf 1394 0 0e0
0.43593750000000003 -inf 1395 0 0e0
0.43625 -inf 1396 0 0e0
0.4365625 -inf 1397 0 0e0
0.436875 -inf 1398 0 0e0
0.4371875 -inf 1399 0 0e0
0.4375 -inf 1400 0 0e0
0.4378125 -inf 1401 0 0e0
0.438125 -inf 1402 0 0e0
0.43843750000000004 -inf 1403 0 0e0
0.43875000000000003 -inf 1404 0 0e0
0.4390625 -inf 1405 0 0e0
0.439375 -inf 1406 0 0e0
0.4396875 -inf 1407 0 0e0
0.44 -inf 1408 0 0e0
0.4403125 -inf 1409 0 0e0
0.440625 -inf 1410 0 0e0
0.4409375 -inf 1411 0 0e0
0.44125000000000003 -inf 1412 0 0e0
0.4415625 -inf 1413 0 0e0
0.441875 -inf 1414 0 0e0
0.4421875 -inf 1415 0 0e0
0.4425 -inf 1416 0 0e0
0.4428125 -inf 1417 0 0e0
0.443125 -inf 1418 0 0e0
0.4434375 -inf 1419 0 0e0
0.44375000000000003 -inf 1420 0 0e0
0.4440625 -inf 1421 0 0e0
0.444375 -inf 1422 0 0e0
0.4446875 -inf 1423 0 0e0
0.445 -inf 1424 0 0e0
0.4453125 -inf 1425 0 0e0
0.445625 -inf 1426 0 0e0
0.4459375 -inf 1427 0 0e0
0.44625000000000004 -inf 1428 0 0e0
0.44656250000000003 -inf 1429 0 0e0
0.446875 -inf 1430 0 0e0
0.4471875 -inf 1431 0 0e0
0.4475 -inf 1432 0 0e0
0.4478125 -inf 1433 0 0e0
0.448125 -inf 1434 0 0e0
0.4484375 -inf 1435 0 0e0
0.44875 -inf 1436 0 0e0
0.44906250000000003 -inf 1437 0 0e0
0.449375 -inf 1438 0 0e0
0.4496875 -inf 1439 0 0e0
0.45 -inf 1440 0 0e0
0.4503125 -inf 1441 0 0e0
0.450625 -inf 1442 0 0e0
0.4509375 -inf 1443 0 0e0
0.45125 -inf 1444 0 0e0
0.45156250000000003 -inf 1445 0 0e0
0.451875 -inf 1446 0 0e0
0.4521875 -inf 1447 0 0e0
0.4525 -inf 1448 0 0e0
0.4528125 -inf 1449 0 0e0
0.453125 -inf 1450 0 0e0
0.4534375 -inf 1451 0 0e0
0.45375 -inf 1452 0 0e0
0.45406250000000004 -inf 1453 0 0e0
0.45437500000000003 -inf 1454 0 0e0
0.4546875 -inf 1455 0 0e0
0.455 -inf 1456 0 0e0
0.4553125 -inf 1457 0 0e0
0.455625 -inf 1458 0 0e0
0.4559375 -inf 1459 0 0e0
0.45625 -inf 1460 0 0e0
0.4565625 -inf 1461 0 0e0
0.45687500000000003 -inf 1462 0 0e0
0.4571875 -inf 1463 0 0e0
0.4575 -inf 1464 0 0e0
0.4578125 -inf 1465 0 0e0
0.458125 -inf 1466 0 0e0
0.4584375 -inf 1467 0 0e0
0.45875 -inf 1468 0 0e0
0.4590625 -inf 1469 0 0e0
0.45937500000000003 -inf 1470 0 0e0
0.4596875 -inf 1471 0 0e0
0.46 -inf 1472 0 0e0
0.4603125 -inf 1473 0 0e0
0.460625 -inf 1474 0 0e0
0.4609375 -inf 1475 0 0e0
0.46125 -inf 1476 0 0e0
0.4615625 -inf 1477 0 0e0
0.46187500000000004 -inf 1478 0 0e0
0.46218750000000003 -inf 1479 0 0e0
0.4625 -inf 1480 0 0e0
0.4628125 -inf 1481 0 0e0
0.463125 -inf 1482 0 0e0
0.4634375 -inf 1483 0 0e0
0.46375 -inf 1484 0 0e0
0.4640625 -inf 1485 0 0e0
0.464375 -inf 1486 0 0e0
0.46468750000000003 -inf 1487 0 0e0
0.465 -inf 1488 0 0e0
0.4653125 -inf 1489 0 0e0
0.465625 -inf 1490 0 0e0
0.4659375 -inf 1491 0 0e0
0.46625 -inf 1492 0 0e0
0.4665625 -inf 1493 0 0e0
0.466875 -inf 1494 0 0e0
0.46718750000000003 -inf 1495 0 0e0
0.4675 -inf 1496 0 0e0
0.4678125 -inf 1497 0 0e0
0.468125 -inf 1498 0 0e0
0.4684375 -inf 1499 0 0e0
0.46875 -inf 1500 0 0e0
0.4690625 -inf 1501 0 0e0
0.469375 -inf 1502 0 0e0
0.46968750000000004 -inf 1503 0 0e0
0.47000000000000003 -inf 1504 0 0e0
0.4703125 -inf 1505 0 0e0
0.470625 -inf 1506 0 0e0
0.4709375 -inf 1507 0 0e0
0.47125 -inf 1508 0 0e0
0.4715625 -inf 1509 0 0e0
0.471875 -inf 1510 0 0e0
0.4721875 -inf 1511 0 0e0
0.47250000000000003 -inf 1512 0 0e0
0.4728125 -inf 1513 0 0e0
0.473125 -inf 1514 0 0e0
0.4734375 -inf 1515 0 0e0
0.47375 -inf 1516 0 0e0
0.4740625 -inf 1517 0 0e0
0.474375 -inf 1518 0 0e0
0.4746875 -inf 1519 0 0e0
0.47500000000000003 -inf 1520 0 0e0
0.4753125 -inf 1521 0 0e0
0.475625 -inf 1522 0 0e0
0.4759375 -inf 1523 0 0e0
0.47625 -inf 1524 0 0e0
0.4765625 -inf 1525 0 0e0
0.476875 -inf 1526 0 0e0
0.4771875 -inf 1527 0 0e0
0.47750000000000004 -inf 1528 0 0e0
0.47781250000000003 -inf 1529 0 0e0
0.478125 -inf 1530 0 0e0
0.4784375 -inf 1531 0 0e0
0.47875 -inf 1532 0 0e0
0.4790625 -inf 1533 0 0e0
0.479375 -inf 1534 0 0e0
0.4796875 -inf 1535 0 0e0
0.48 -inf 1536 0 0e0
0.48031250000000003 -inf 1537 0 0e0
0.480625 -inf 1538 0 0e0
0.4809375 -inf 1539 0 0e0
0.48125 -inf 1540 0 0e0
0.4815625 -inf 1541 0 0e0
0.481875 -inf 1542 0 0e0
0.4821875 -inf 1543 0 0e0
0.4825 -inf 1544 0 0e0
0.48281250000000003 -inf 1545 0 0e0
0.483125 -inf 1546 0 0e0
0.4834375 -inf 1547 0 0e0
0.48375 -inf 1548 0 0e0
0.4840625 -inf 1549 0 0e0
0.484375 -inf 1550 0 0e0
0.4846875 -inf 1551 0 0e0
0.485 -inf 1552 0 0e0
0.48531250000000004 -inf 1553 0 0e0
0.48562500000000003 -inf 1554 0 0e0
0.4859375 -inf 1555 0 0e0
0.48625 -inf 1556 0 0e0
0.4865625 -inf 1557 0 0e0
0.486875 -inf 1558 0 0e0
0.4871875 -inf 1559 0 0e0
0.4875 -inf 1560 0 0e0
0.48781250000000004 -inf 1561 0 0e0
0.48812500000000003 -inf 1562 0 0e0
0.4884375 -inf 1563 0 0e0
0.48875 -inf 1564 0 0e0
0.4890625 -inf 1565 0 0e0
0.489375 -inf 1566 0 0e0
0.4896875 -inf 1567 0 0e0
0.49 -inf 1568 0 0e0
0.4903125 -inf 1569 0 0e0
0.49062500000000003 -inf 1570 0 0e0
0.4909375 -inf 1571 0 0e0
0.49125 -inf 1572 0 0e0
0.4915625 -inf 1573 0 0e0
0.491875 -inf 1574 0 0e0
0.4921875 -inf 1575 0 0e0
0.4925 -inf 1576 0 0e0
0.4928125 -inf 1577 0 0e0
0.49312500000000004 -inf 1578 0 0e0
0.49343750000000003 -inf 1579 0 0e0
0.49375 -inf 1580 0 0e0
0.4940625 -inf 1581 0 0e0
0.494375 -inf 1582 0 0e0
0.4946875 -inf 1583 0 0e0
0.495 -inf 1584 0 0e0
0.4953125 -inf 1585 0 0e0
0.49562500000000004 -inf 1586 0 0e0
0.49593750000000003 -inf 1587 0 0e0
0.49625 -inf 1588 0 0e0
0.4965625 -inf 1589 0 0e0
0.496875 -inf 1590 0 0e0
0.4971875 -inf 1591 0 0e0
0.4975 -inf 1592 0 0e0
0.4978125 -inf 1593 0 0e0
0.498125 -inf 1594 0 0e0
0.49843750000000003 -inf 1595 0 0e0
0.49875 -inf 1596 0 0e0
0.4990625 -inf 1597 0 0e0
0.499375 -inf 1598 0 0e0
0.4996875 -inf 1599 0 0e0
0.5 -inf 1600 0 0e0
0.5003125 -inf 1601 0 0e0
0.500625 -inf 1602 0 0e0
0.5009375 -inf 1603 0 0e0
0.50125 -inf 1604 0 0e0
0.5015625 -inf 1605 0 0e0
0.501875 -inf 1606 0 0e0
0.5021875 -inf 1607 0 0e0
0.5025000000000001 -inf 1608 0 0e0
0.5028125 -inf 1609 0 0e0
0.503125 -inf 1610 0 0e0
0.5034375 -inf 1611 0 0e0
0.50375 -inf 1612 0 0e0
0.5040625 -inf 1613 0 0e0
0.504375 -inf 1614 0 0e0
0.5046875 -inf 1615 0 0e0
0.505 -inf 1616 0 0e0
0.5053125 -inf 1617 0 0e0
0.505625 -inf 1618 0 0e0
0.5059375 -inf 1619 0 0e0
0.50625 -inf 1620 0 0e0
0.5065625 -inf 1621 0 0e0
0.506875 -inf 1622 0 0e0
0.5071875 -inf 1623 0 0e0
0.5075000000000001 -inf 1624 0 0e0
0.5078125 -inf 1625 0 0e0
0.508125 -inf 1626 0 0e0
0.5084375 -inf 1627 0 0e0
0.50875 -inf 1628 0 0e0
0.5090625 -inf 1629 0 0e0
0.509375 -inf 1630 0 0e0
0.5096875 -inf 1631 0 0e0
0.51 -inf 1632 0 0e0
0.5103125000000001 -inf 1633 0 0e0
0.510625 -inf 1634 0 0e0
0.5109375 -inf 1635 0 0e0
0.51125 -inf 1636 0 0e0
0.5115625 -inf 1637 0 0e0
0.511875 -inf 1638 0 0e0
0.5121875 -inf 1639 0 0e0
0.5125 -inf 1640 0 0e0
0.5128125 -inf 1641 0 0e0
0.513125 -inf 1642 0 0e0
0.5134375 -inf 1643 0 0e0
0.51375 -inf 1644 0 0e0
0.5140625 -inf 1645 0 0e0
0.514375 -inf 1646 0 0e0
0.5146875 -inf 1647 0 0e0
0.515 -inf 1648 0 0e0
0.5153125000000001 -inf 1649 0 0e0
0.515625 -inf 1650 0 0e0
0.5159375 -inf 1651 0 0e0
0.51625 -inf 1652 0 0e0
0.5165625 -inf 1653 0 0e0
0.516875 -inf 1654 0 0e0
0.5171875 -inf 1655 0 0e0
0.5175 -inf 1656 0 0e0
0.5178125 -inf 1657 0 0e0
0.5181250000000001 -inf 1658 0 0e0
0.5184375 -inf 1659 0 0e0
0.51875 -inf 1660 0 0e0
0.5190625 -inf 1661 0 0e0
0.519375 -inf 1662 0 0e0
0.5196875 -inf 1663 0 0e0
0.52 -inf 1664 0 0e0
0.5203125 -inf 1665 0 0e0
0.520625 -inf 1666 0 0e0
0.5209375 -inf 1667 0 0e0
0.52125 -inf 1668 0 0e0
0.5215625 -inf 1669 0 0e0
0.521875 -inf 1670 0 0e0
0.5221875 -inf 1671 0 0e0
0.5225 -inf 1672 0 0e0
0.5228125 -inf 1673 0 0e0
0.5231250000000001 -inf 1674 0 0e0
0.5234375 -inf 1675 0 0e0
0.52375 -inf 1676 0 0e0
0.5240625 -inf 1677 0 0e0
0.524375 -inf 1678 0 0e0
0.5246875 -inf 1679 0 0e0
0.525 -inf 1680 0 0e0
0.5253125 -inf 1681 0 0e0
0.525625 -inf 1682 0 0e0
0.5259375000000001 -inf 1683 0 0e0
0.52625 -inf 1684 0 0e0
0.5265625 -inf 1685 0 0e0
0.526875 -inf 1686 0 0e0
0.5271875 -inf 1687 0 0e0
0.5275 -inf 1688 0 0e0
0.5278125 -inf 1689 0 0e0
0.528125 -inf 1690 0 0e0
0.5284375 -inf 1691 0 0e0
0.52875 -inf 1692 0 0e0
0.5290625 -inf 1693 0 0e0
0.529375 -inf 1694 0 0e0
0.5296875 -inf 1695 0 0e0
0.53 -inf 1696 0 0e0
0.5303125 -inf 1697 0 0e0
0.530625 -inf 1698 0 0e0
0.5309375000000001 -inf 1699 0 0e0
0.53125 -inf 1700 0 0e0
0.5315625 -inf 1701 0 0e0
0.531875 -inf 1702 0 0e0
0.5321875 -inf 1703 0 0e0
0.5325 -inf 1704 0 0e0
0.5328125 -inf 1705 0 0e0
0.533125 -inf 1706 0 0e0
0.5334375 -inf 1707 0 0e0
0.5337500000000001 -inf 1708 0 0e0
0.5340625 -inf 1709 0 0e0
0.534375 -inf 1710 0 0e0
0.5346875 -inf 1711 0 0e0
0.535 -inf 1712 0 0e0
0.5353125 -inf 1713 0 0e0
0.535625 -inf 1714 0 0e0
0.5359375000000001 -inf 1715 0 0e0
0.53625 -inf 1716 0 0e0
0.5365625 -inf 1717 0 0e0
0.536875 -inf 1718 0 0e0
0.5371875 -inf 1719 0 0e0
0.5375 -inf 1720 0 0e0
0.5378125 -inf 1721 0 0e0
0.538125 -inf 1722 0 0e0
0.5384375 -inf 1723 0 0e0
0.5387500000000001 -inf 1724 0 0e0
0.5390625 -inf 1725 0 0e0
0.539375 -inf 1726 0 0e0
0.5396875 -inf 1727 0 0e0
0.54 -inf 1728 0 0e0
0.5403125 -inf 1729 0 0e0
0.540625 -inf 1730 0 0e0
0.5409375 -inf 1731 0 0e0
0.54125 -inf 1732 0 0e0
0.5415625000000001 -inf 1733 0 0e0
0.541875 -inf 1734 0 0e0
0.5421875 -inf 1735 0 0e0
0.5425 -inf 1736 0 0e0
0.5428125 -inf 1737 0 0e0
0.543125 -inf 1738 0 0e0
0.5434375 -inf 1739 0 0e0
0.5437500000000001 -inf 1740 0 0e0
0.5440625 -inf 1741 0 0e0
0.544375 -inf 1742 0 0e0
0.5446875 -inf 1743 0 0e0
0.545 -inf 1744 0 0e0
0.5453125 -inf 1745 0 0e0
0.545625 -inf 1746 0 0e0
0.5459375 -inf 1747 0 0e0
0.54625 -inf 1748 0 0e0
0.5465625000000001 -inf 1749 0 0e0
0.546875 -inf 1750 0 0e0
0.5471875 -inf 1751 0 0e0
0.5475 -inf 1752 0 0e0
0.5478125 -inf 1753 0 0e0
0.548125 -inf 1754 0 0e0
0.5484375 -inf 1755 0 0e0
0.54875 -inf 1756 0 0e0
0.5490625 -inf 1757 0 0e0
0.5493750000000001 -inf 1758 0 0e0
0.5496875 -inf 1759 0 0e0
0.55 -inf 1760 0 0e0
0.5503125 -inf 1761 0 0e0
0.550625 -inf 1762 0 0e0
0.5509375 -inf 1763 0 0e0
0.55125 -inf 1764 0 0e0
0.5515625000000001 -inf 1765 0 0e0
0.551875 -inf 1766 0 0e0
0.5521875 -inf 1767 0 0e0
0.5525 -inf 1768 0 0e0
0.5528125 -inf 1769 0 0e0
0.553125 -inf 1770 0 0e0
0.5534375 -inf 1771 0 0e0
0.55375 -inf 1772 0 0e0
0.5540625 -inf 1773 0 0e0
0.5543750000000001 -inf 1774 0 0e0
0.5546875 -inf 1775 0 0e0
0.555 -inf 1776 0 0e0
0.5553125 -inf 1777 0 0e0
0.555625 -inf 1778 0 0e0
0.5559375 -inf 1779 0 0e0
0.55625 -inf 1780 0 0e0
0.5565625 -inf 1781 0 0e0
0.556875 -inf 1782 0 0e0
0.5571875000000001 -inf 1783 0 0e0
0.5575 -inf 1784 0 0e0
0.5578125 -inf 1785 0 0e0
0.558125 -inf 1786 0 0e0
0.5584375 -inf 1787 0 0e0
0.55875 -inf 1788 0 0e0
0.5590625 -inf 1789 0 0e0
0.5593750000000001 -inf 1790 0 0e0
0.5596875 -inf 1791 0 0e0
0.56 -inf 1792 0 0e0
0.5603125 -inf 1793 0 0e0
0.560625 -inf 1794 0 0e0
0.5609375 -inf 1795 0 0e0
0.56125 -inf 1796 0 0e0
0.5615625 -inf 1797 0 0e0
0.561875 -inf 1798 0 0e0
0.5621875000000001 -inf 1799 0 0e0
0.5625 -inf 1800 0 0e0
0.5628125 -inf 1801 0 0e0
0.563125 -inf 1802 0 0e0
0.5634375 -inf 1803 0 0e0
0.56375 -inf 1804 0 0e0
0.5640625 -inf 1805 0 0e0
0.564375 -inf 1806 0 0e0
0.5646875 -inf 1807 0 0e0
0.5650000000000001 -inf 1808 0 0e0
0.5653125 -inf 1809 0 0e0
0.565625 -inf 1810 0 0e0
0.5659375 -inf 1811 0 0e0
0.56625 -inf 1812 0 0e0
0.5665625 -inf 1813 0 0e0
0.566875 -inf 1814 0 0e0
0.5671875000000001 -inf 1815 0 0e0
0.5675 -inf 1816 0 0e0
0.5678125 -inf 1817 0 0e0
0.568125 -inf 1818 0 0e0
0.5684375 -inf 1819 0 0e0
0.56875 -inf 1820 0 0e0
0.5690625 -inf 1821 0 0e0
0.569375 -inf 1822 0 0e0
0.5696875 -inf 1823 0 0e0
0.5700000000000001 -inf 1824 0 0e0
0.5703125 -inf 1825 0 0e0
0.570625 -inf 1826 0 0e0
0.5709375 -inf 1827 0 0e0
0.57125 -inf 1828 0 0e0
0.5715625 -inf 1829 0 0e0
0.571875 -inf 1830 0 0e0
0.5721875 -inf 1831 0 0e0
0.5725 -inf 1832 0 0e0
0.5728125000000001 -inf 1833 0 0e0
0.573125 -inf 1834 0 0e0
0.5734375 -inf 1835 0 0e0
0.57375 -inf 1836 0 0e0
0.5740625 -inf 1837 0 0e0
0.574375 -inf 1838 0 0e0
0.5746875 -inf 1839 0 0e0
0.5750000000000001 -inf 1840 0 0e0
0.5753125 -inf 1841 0 0e0
0.575625 -inf 1842 0 0e0
0.5759375 -inf 1843 0 0e0
0.57625 -inf 1844 0 0e0
0.5765625 -inf 1845 0 0e0
0.576875 -inf 1846 0 0e0
0.5771875 -inf 1847 0 0e0
0.5775 -inf 1848 0 0e0
0.5778125000000001 -inf 1849 0 0e0
0.578125 -inf 1850 0 0e0
0.5784375 -inf 1851 0 0e0
0.57875 -inf 1852 0 0e0
0.5790625 -inf 1853 0 0e0
0.579375 -inf 1854 0 0e0
0.5796875 -inf 1855 0 0e0
0.58 -inf 1856 0 0e0
0.5803125 -inf 1857 0 0e0
0.5806250000000001 -inf 1858 0 0e0
0.5809375 -inf 1859 0 0e0
0.58125 -inf 1860 0 0e0
0.5815625 -inf 1861 0 0e0
0.581875 -inf 1862 0 0e0
0.5821875 -inf 1863 0 0e0
0.5825 -inf 1864 0 0e0
0.5828125000000001 -inf 1865 0 0e0
0.583125 -inf 1866 0 0e0
0.5834375 -inf 1867 0 0e0
0.58375 -inf 1868 0 0e0
0.5840625 -inf 1869 0 0e0
0.584375 -inf 1870 0 0e0
0.5846875 -inf 1871 0 0e0
0.585 -inf 1872 0 0e0
0.5853125 -inf 1873 0 0e0
0.5856250000000001 -inf 1874 0 0e0
0.5859375 -inf 1875 0 0e0
0.58625 -inf 1876 0 0e0
0.5865625 -inf 1877 0 0e0
0.586875 -inf 1878 0 0e0
0.5871875 -inf 1879 0 0e0
0.5875 -inf 1880 0 0e0
0.5878125 -inf 1881 0 0e0
0.588125 -inf 1882 0 0e0
0.5884375000000001 -inf 1883 0 0e0
0.58875 -inf 1884 0 0e0
0.5890625 -inf 1885 0 0e0
0.589375 -inf 1886 0 0e0
0.5896875 -inf 1887 0 0e0
0.59 -inf 1888 0 0e0
0.5903125 -inf 1889 0 0e0
0.5906250000000001 -inf 1890 0 0e0
0.5909375 -inf 1891 0 0e0
0.59125 -inf 1892 0 0e0
0.5915625 -inf 1893 0 0e0
0.591875 -inf 1894 0 0e0
0.5921875 -inf 1895 0 0e0
0.5925 -inf 1896 0 0e0
0.5928125 -inf 1897 0 0e0
0.593125 -inf 1898 0 0e0
0.5934375000000001 -inf 1899 0 0e0
0.59375 -inf 1900 0 0e0
0.5940625 -inf 1901 0 0e0
0.594375 -inf 1902 0 0e0
0.5946875 -inf 1903 0 0e0
0.595 -inf 1904 0 0e0
0.5953125 -inf 1905 0 0e0
0.595625 -inf 1906 0 0e0
0.5959375 -inf 1907 0 0e0
0.5962500000000001 -inf 1908 0 0e0
0.5965625 -inf 1909 0 0e0
0.596875 -inf 1910 0 0e0
0.5971875 -inf 1911 0 0e0
0.5975 -inf 1912 0 0e0
0.5978125 -inf 1913 0 0e0
0.598125 -inf 1914 0 0e0
0.5984375000000001 -inf 1915 0 0e0
0.59875 -inf 1916 0 0e0
0.5990625 -inf 1917 0 0e0
0.599375 -inf 1918 0 0e0
0.5996875 -inf 1919 0 0e0
0.6 -inf 1920 0 0e0
0.6003125 -inf 1921 0 0e0
0.600625 -inf 1922 0 0e0
0.6009375 -inf 1923 0 0e0
0.6012500000000001 -inf 1924 0 0e0
0.6015625 -inf 1925 0 0e0
0.601875 -inf 1926 0 0e0
0.6021875 -inf 1927 0 0e0
0.6025 -inf 1928 0 0e0
0.6028125 -inf 1929 0 0e0
0.603125 -inf 1930 0 0e0
0.6034375 -inf 1931 0 0e0
0.60375 -inf 1932 0 0e0
0.6040625000000001 -inf 1933 0 0e0
0.604375 -inf 1934 0 0e0
0.6046875 -inf 1935 0 0e0
0.605 -inf 1936 0 0e0
0.6053125 -inf 1937 0 0e0
0.605625 -inf 1938 0 0e0
0.6059375 -inf 1939 0 0e0
0.6062500000000001 -inf 1940 0 0e0
0.6065625 -inf 1941 0 0e0
0.606875 -inf 1942 0 0e0
0.6071875 -inf 1943 0 0e0
0.6075 -inf 1944 0 0e0
0.6078125 -inf 1945 0 0e0
0.608125 -inf 1946 0 0e0
0.6084375 -inf 1947 0 0e0
0.60875 -inf 1948 0 0e0
0.6090625000000001 -inf 1949 0 0e0
0.609375 -inf 1950 0 0e0
0.6096875 -inf 1951 0 0e0
0.61 -inf 1952 0 0e0
0.6103125 -inf 1953 0 0e0
0.610625 -inf 1954 0 0e0
0.6109375 -inf 1955 0 0e0
0.61125 -inf 1956 0 0e0
0.6115625 -inf 1957 0 0e0
0.6118750000000001 -inf 1958 0 0e0
0.6121875 -inf 1959 0 0e0
0.6125 -inf 1960 0 0e0
0.6128125 -inf 1961 0 0e0
0.613125 -inf 1962 0 0e0
0.6134375 -inf 1963 0 0e0
0.61375 -inf 1964 0 0e0
0.6140625000000001 -inf 1965 0 0e0
0.614375 -inf 1966 0 0e0
0.6146875 -inf 1967 0 0e0
0.615 -inf 1968 0 0e0
0.6153125 -inf 1969 0 0e0
0.615625 -inf 1970 0 0e0
0.6159375 -inf 1971 0 0e0
0.61625 -inf 1972 0 0e0
0.6165625 -inf 1973 0 0e0
0.6168750000000001 -inf 1974 0 0e0
0.6171875 -inf 1975 0 0e0
0.6175 -inf 1976 0 0e0
0.6178125 -inf 1977 0 0e0
0.618125 -inf 1978 0 0e0
0.6184375 -inf 1979 0 0e0
0.61875 -inf 1980 0 0e0
0.6190625 -inf 1981 0 0e0
0.619375 -inf 1982 0 0e0
0.6196875000000001 -inf 1983 0 0e0
0.62 -inf 1984 0 0e0
0.6203125 -inf 1985 0 0e0
0.620625 -inf 1986 0 0e0
0.6209375 -inf 1987 0 0e0
0.62125 -inf 1988 0 0e0
0.6215625 -inf 1989 0 0e0
0.6218750000000001 -inf 1990 0 0e0
0.6221875 -inf 1991 0 0e0
0.6225 -inf 1992 0 0e0
0.6228125 -inf 1993 0 0e0
0.623125 -inf 1994 0 0e0
0.6234375 -inf 1995 0 0e0
0.62375 -inf 1996 0 0e0
0.6240625 -inf 1997 0 0e0
0.624375 -inf 1998 0 0e0
0.6246875000000001 -inf 1999 0 0e0
0.625 -inf 2000 0 0e0
0.6253125 -inf 2001 0 0e0
0.625625 -inf 2002 0 0e0
0.6259375 -inf 2003 0 0e0
0.62625 -inf 2004 0 0e0
0.6265625 -inf 2005 0 0e0
0.626875 -inf 2006 0 0e0
0.6271875 -inf 2007 0 0e0
0.6275000000000001 -inf 2008 0 0e0
0.6278125 -inf 2009 0 0e0
0.628125 -inf 2010 0 0e0
0.6284375 -inf 2011 0 0e0
0.62875 -inf 2012 0 0e0
0.6290625 -inf 2013 0 0e0
0.629375 -inf 2014 0 0e0
0.6296875000000001 -inf 2015 0 0e0
0.63 -inf 2016 0 0e0
0.6303125 -inf 2017 0 0e0
0.630625 -inf 2018 0 0e0
0.6309375 -inf 2019 0 0e0
0.63125 -inf 2020 0 0e0
0.6315625 -inf 2021 0 0e0
0.631875 -inf 2022 0 0e0
0.6321875 -inf 2023 0 0e0
0.6325000000000001 -inf 2024 0 0e0
0.6328125 -inf 2025 0 0e0
0.633125 -inf 2026 0 0e0
0.6334375 -inf 2027 0 0e0
0.63375 -inf 2028 0 0e0
0.6340625 -inf 2029 0 0e0
0.634375 -inf 2030 0 0e0
0.6346875 -inf 2031 0 0e0
0.635 -inf 2032 0 0e0
0.6353125000000001 -inf 2033 0 0e0
0.635625 -inf 2034 0 0e0
0.6359375 -inf 2035 0 0e0
0.63625 -inf 2036 0 0e0
0.6365625 -inf 2037 0 0e0
0.636875 -inf 2038 0 0e0
0.6371875 -inf 2039 0 0e0
0.6375000000000001 -inf 2040 0 0e0
0.6378125 -inf 2041 0 0e0
0.638125 -inf 2042 0 0e0
0.6384375 -inf 2043 0 0e0
0.63875 -inf 2044 0 0e0
0.6390625 -inf 2045 0 0e0
0.639375 -inf 2046 0 0e0
0.6396875 -inf 2047 0 0e0
0.64 -inf 2048 0 0e0
0.6403125000000001 -inf 2049 0 0e0
0.640625 -inf 2050 0 0e0
0.6409375 -inf 2051 0 0e0
0.64125 -inf 2052 0 0e0
0.6415625 -inf 2053 0 0e0
0.641875 -inf 2054 0 0e0
0.6421875 -inf 2055 0 0e0
0.6425 -inf 2056 0 0e0
0.6428125 -inf 2057 0 0e0
0.6431250000000001 -inf 2058 0 0e0
0.6434375 -inf 2059 0 0e0
0.64375 -inf 2060 0 0e0
0.6440625 -inf 2061 0 0e0
0.644375 -inf 2062 0 0e0
0.6446875 -inf 2063 0 0e0
0.645 -inf 2064 0 0e0
0.6453125000000001 -inf 2065 0 0e0
0.645625 -inf 2066 0 0e0
0.6459375 -inf 2067 0 0e0
0.64625 -inf 2068 0 0e0
0.6465625 -inf 2069 0 0e0
0.646875 -inf 2070 0 0e0
0.6471875 -inf 2071 0 0e0
0.6475 -inf 2072 0 0e0
0.6478125 -inf 2073 0 0e0
0.6481250000000001 -inf 2074 0 0e0
0.6484375 -inf 2075 0 0e0
0.64875 -inf 2076 0 0e0
0.6490625 -inf 2077 0 0e0
0.649375 -inf 2078 0 0e0
0.6496875 -inf 2079 0 0e0
0.65 -inf 2080 0 0e0
0.6503125 -inf 2081 0 0e0
0.650625 -inf 2082 0 0e0
0.6509375000000001 -inf 2083 0 0e0
0.65125 -inf 2084 0 0e0
0.6515625 -inf 2085 0 0e0
0.651875 -inf 2086 0 0e0
0.6521875 -inf 2087 0 0e0
0.6525 -inf 2088 0 0e0
0.6528125 -inf 2089 0 0e0
0.6531250000000001 -inf 2090 0 0e0
0.6534375 -inf 2091 0 0e0
0.65375 -inf 2092 0 0e0
0.6540625 -inf 2093 0 0e0
0.654375 -inf 2094 0 0e0
0.6546875 -inf 2095 0 0e0
0.655 -inf 2096 0 0e0
0.6553125 -inf 2097 0 0e0
0.655625 -inf 2098 0 0e0
0.6559375000000001 -inf 2099 0 0e0
0.65625 -inf 2100 0 0e0
0.6565625 -inf 2101 0 0e0
0.656875 -inf 2102 0 0e0
0.6571875 -inf 2103 0 0e0
0.6575 -inf 2104 0 0e0
0.6578125 -inf 2105 0 0e0
0.658125 -inf 2106 0 0e0
0.6584375 -inf 2107 0 0e0
0.6587500000000001 -inf 2108 0 0e0
0.6590625 -inf 2109 0 0e0
0.659375 -inf 2110 0 0e0
0.6596875 -inf 2111 0 0e0
0.66 -inf 2112 0 0e0
0.6603125 -inf 2113 0 0e0
0.660625 -inf 2114 0 0e0
0.6609375000000001 -inf 2115 0 0e0
0.66125 -inf 2116 0 0e0
0.6615625 -inf 2117 0 0e0
0.661875 -inf 2118 0 0e0
0.6621875 -inf 2119 0 0e0
0.6625 -inf 2120 0 0e0
0.6628125 -inf 2121 0 0e0
0.663125 -inf 2122 0 0e0
0.6634375 -inf 2123 0 0e0
0.6637500000000001 -inf 2124 0 0e0
0.6640625 -inf 2125 0 0e0
0.664375 -inf 2126 0 0e0
0.6646875 -inf 2127 0 0e0
0.665 -inf 2128 0 0e0
0.6653125 -inf 2129 0 0e0
0.665625 -inf 2130 0 0e0
0.6659375 -inf 2131 0 0e0
0.66625 -inf 2132 0 0e0
0.6665625000000001 -inf 2133 0 0e0
0.666875 -inf 2134 0 0e0
0.6671875 -inf 2135 0 0e0
0.6675 -inf 2136 0 0e0
0.6678125 -inf 2137 0 0e0
0.668125 -inf 2138 0 0e0
0.6684375 -inf 2139 0 0e0
0.6687500000000001 -inf 2140 0 0e0
0.6690625 -inf 2141 0 0e0
0.669375 -inf 2142 0 0e0
0.6696875 -inf 2143 0 0e0
0.67 -inf 2144 0 0e0
0.6703125 -inf 2145 0 0e0
0.670625 -inf 2146 0 0e0
0.6709375 -inf 2147 0 0e0
0.67125 -inf 2148 0 0e0
0.6715625000000001 -inf 2149 0 0e0
0.671875 -inf 2150 0 0e0
0.6721875 -inf 2151 0 0e0
0.6725 -inf 2152 0 0e0
0.6728125 -inf 2153 0 0e0
0.673125 -inf 2154 0 0e0
0.6734375 -inf 2155 0 0e0
0.67375 -inf 2156 0 0e0
0.6740625 -inf 2157 0 0e0
0.6743750000000001 -inf 2158 0 0e0
0.6746875 -inf 2159 0 0e0
0.675 -inf 2160 0 0e0
0.6753125 -inf 2161 0 0e0
0.675625 -inf 2162 0 0e0
0.6759375 -inf 2163 0 0e0
0.67625 -inf 2164 0 0e0
0.6765625000000001 -inf 2165 0 0e0
0.676875 -inf 2166 0 0e0
0.6771875 -inf 2167 0 0e0
0.6775 -inf 2168 0 0e0
0.6778125 -inf 2169 0 0e0
0.678125 -inf 2170 0 0e0
0.6784375 -inf 2171 0 0e0
0.67875 -inf 2172 0 0e0
0.6790625 -inf 2173 0 0e0
0.6793750000000001 -inf 2174 0 0e0
0.6796875 -inf 2175 0 0e0
0.68 -inf 2176 0 0e0
0.6803125 -inf 2177 0 0e0
0.680625 -inf 2178 0 0e0
0.6809375 -inf 2179 0 0e0
0.68125 -inf 2180 0 0e0
0.6815625 -inf 2181 0 0e0
0.681875 -inf 2182 0 0e0
0.6821875000000001 -inf 2183 0 0e0
0.6825 -inf 2184 0 0e0
0.6828125 -inf 2185 0 0e0
0.683125 -inf 2186 0 0e0
0.6834375 -inf 2187 0 0e0
0.68375 -inf 2188 0 0e0
0.6840625 -inf 2189 0 0e0
0.6843750000000001 -inf 2190 0 0e0
0.6846875 -inf 2191 0 0e0
0.685 -inf 2192 0 0e0
0.6853125 -inf 2193 0 0e0
0.685625 -inf 2194 0 0e0
0.6859375 -inf 2195 0 0e0
0.68625 -inf 2196 0 0e0
0.6865625 -inf 2197 0 0e0
0.686875 -inf 2198 0 0e0
0.6871875000000001 -inf 2199 0 0e0
0.6875 -inf 2200 0 0e0
0.6878125 -inf 2201 0 0e0
0.688125 -inf 2202 0 0e0
0.6884375 -inf 2203 0 0e0
0.68875 -inf 2204 0 0e0
0.6890625 -inf 2205 0 0e0
0.689375 -inf 2206 0 0e0
0.6896875 -inf 2207 0 0e0
0.6900000000000001 -inf 2208 0 0e0
0.6903125 -inf 2209 0 0e0
0.690625 -inf 2210 0 0e0
0.6909375 -inf 2211 0 0e0
0.69125 -inf 2212 0 0e0
0.6915625 -inf 2213 0 0e0
0.691875 -inf 2214 0 0e0
0.6921875000000001 -inf 2215 0 0e0
0.6925 -inf 2216 0 0e0
0.6928125 -inf 2217 0 0e0
0.693125 -inf 2218 0 0e0
0.6934375 -inf 2219 0 0e0
0.69375 -inf 2220 0 0e0
0.6940625 -inf 2221 0 0e0
0.694375 -inf 2222 0 0e0
0.6946875 -inf 2223 0 0e0
0.6950000000000001 -inf 2224 0 0e0
0.6953125 -inf 2225 0 0e0
0.695625 -inf 2226 0 0e0
0.6959375 -inf 2227 0 0e0
0.69625 -inf 2228 0 0e0
0.6965625 -inf 2229 0 0e0
0.696875 -inf 2230 0 0e0
0.6971875 -inf 2231 0 0e0
0.6975 -inf 2232 0 0e0
0.6978125000000001 -inf 2233 0 0e0
0.698125 -inf 2234 0 0e0
0.6984375 -inf 2235 0 0e0
0.69875 -inf 2236 0 0e0
0.6990625 -inf 2237 0 0e0
0.699375 -inf 2238 0 0e0
0.6996875 -inf 2239 0 0e0
0.7000000000000001 -inf 2240 0 0e0
0.7003125 -inf 2241 0 0e0
0.700625 -inf 2242 0 0e0
0.7009375 -inf 2243 0 0e0
0.70125 -inf 2244 0 0e0
0.7015625 -inf 2245 0 0e0
0.701875 -inf 2246 0 0e0
0.7021875 -inf 2247 0 0e0
0.7025 -inf 2248 0 0e0
0.7028125000000001 -inf 2249 0 0e0
0.703125 -inf 2250 0 0e0
0.7034375 -inf 2251 0 0e0
0.70375 -inf 2252 0 0e0
0.7040625 -inf 2253 0 0e0
0.704375 -inf 2254 0 0e0
0.7046875 -inf 2255 0 0e0
0.705 -inf 2256 0 0e0
0.7053125 -inf 2257 0 0e0
0.7056250000000001 -inf 2258 0 0e0
0.7059375 -inf 2259 0 0e0
0.70625 -inf 2260 0 0e0
0.7065625 -inf 2261 0 0e0
0.706875 -inf 2262 0 0e0
0.7071875 -inf 2263 0 0e0
0.7075 -inf 2264 0 0e0
0.7078125000000001 -inf 2265 0 0e0
0.708125 -inf 2266 0 0e0
0.7084375 -inf 2267 0 0e0
0.70875 -inf 2268 0 0e0
0.7090625 -inf 2269 0 0e0
0.709375 -inf 2270 0 0e0
0.7096875 -inf 2271 0 0e0
0.71 -inf 2272 0 0e0
0.7103125 -inf 2273 0 0e0
0.7106250000000001 -inf 2274 0 0e0
0.7109375 -inf 2275 0 0e0
0.71125 -inf 2276 0 0e0
0.7115625 -inf 2277 0 0e0
0.711875 -inf 2278 0 0e0
0.7121875 -inf 2279 0 0e0
0.7125 -inf 2280 0 0e0
0.7128125 -inf 2281 0 0e0
0.713125 -inf 2282 0 0e0
0.7134375000000001 -inf 2283 0 0e0
0.71375 -inf 2284 0 0e0
0.7140625 -inf 2285 0 0e0
0.714375 -inf 2286 0 0e0
0.7146875 -inf 2287 0 0e0
0.715 -inf 2288 0 0e0
0.7153125 -inf 2289 0 0e0
0.7156250000000001 -inf 2290 0 0e0
0.7159375 -inf 2291 0 0e0
0.71625 -inf 2292 0 0e0
0.7165625 -inf 2293 0 0e0
0.716875 -inf 2294 0 0e0
0.7171875 -inf 2295 0 0e0
0.7175 -inf 2296 0 0e0
0.7178125 -inf 2297 0 0e0
0.718125 -inf 2298 0 0e0
0.7184375000000001 -inf 2299 0 0e0
0.71875 -inf 2300 0 0e0
0.7190625 -inf 2301 0 0e0
0.719375 -inf 2302 0 0e0
0.7196875 -inf 2303 0 0e0
0.72 -inf 2304 0 0e0
0.7203125 -inf 2305 0 0e0
0.720625 -inf 2306 0 0e0
0.7209375 -inf 2307 0 0e0
0.7212500000000001 -inf 2308 0 0e0
0.7215625 -inf 2309 0 0e0
0.721875 -inf 2310 0 0e0
0.7221875 -inf 2311 0 0e0
0.7225 -inf 2312 0 0e0
0.7228125 -inf 2313 0 0e0
0.723125 -inf 2314 0 0e0
0.7234375000000001 -inf 2315 0 0e0
0.72375 -inf 2316 0 0e0
0.7240625 -inf 2317 0 0e0
0.724375 -inf 2318 0 0e0
0.7246875 -inf 2319 0 0e0
0.725 -inf 2320 0 0e0
0.7253125 -inf 2321 0 0e0
0.725625 -inf 2322 0 0e0
0.7259375 -inf 2323 0 0e0
0.7262500000000001 -inf 2324 0 0e0
0.7265625 -inf 2325 0 0e0
0.726875 -inf 2326 0 0e0
0.7271875 -inf 2327 0 0e0
0.7275 -inf 2328 0 0e0
0.7278125 -inf 2329 0 0e0
0.728125 -inf 2330 0 0e0
0.7284375 -inf 2331 0 0e0
0.72875 -inf 2332 0 0e0
0.7290625000000001 -inf 2333 0 0e0
0.729375 -inf 2334 0 0e0
0.7296875 -inf 2335 0 0e0
0.73 -inf 2336 0 0e0
0.7303125 -inf 2337 0 0e0
0.730625 -inf 2338 0 0e0
0.7309375 -inf 2339 0 0e0
0.7312500000000001 -inf 2340 0 0e0
0.7315625 -inf 2341 0 0e0
0.731875 -inf 2342 0 0e0
0.7321875 -inf 2343 0 0e0
0.7325 -inf 2344 0 0e0
0.7328125 -inf 2345 0 0e0
0.733125 -inf 2346 0 0e0
0.7334375 -inf 2347 0 0e0
0.73375 -inf 2348 0 0e0
0.7340625000000001 -inf 2349 0 0e0
0.734375 -inf 2350 0 0e0
0.7346875 -inf 2351 0 0e0
0.735 -inf 2352 0 0e0
0.7353125 -inf 2353 0 0e0
0.735625 -inf 2354 0 0e0
0.7359375 -inf 2355 0 0e0
0.73625 -inf 2356 0 0e0
0.7365625 -inf 2357 0 0e0
0.7368750000000001 -inf 2358 0 0e0
0.7371875 -inf 2359 0 0e0
0.7375 -inf 2360 0 0e0
0.7378125 -inf 2361 0 0e0
0.738125 -inf 2362 0 0e0
0.7384375 -inf 2363 0 0e0
0.73875 -inf 2364 0 0e0
0.7390625000000001 -inf 2365 0 0e0
0.739375 -inf 2366 0 0e0
0.7396875 -inf 2367 0 0e0
0.74 -inf 2368 0 0e0
0.7403125 -inf 2369 0 0e0
0.740625 -inf 2370 0 0e0
0.7409375 -inf 2371 0 0e0
0.74125 -inf 2372 0 0e0
0.7415625 -inf 2373 0 0e0
0.7418750000000001 -inf 2374 0 0e0
0.7421875 -inf 2375 0 0e0
0.7425 -inf 2376 0 0e0
0.7428125 -inf 2377 0 0e0
0.743125 -inf 2378 0 0e0
0.7434375 -inf 2379 0 0e0
0.74375 -inf 2380 0 0e0
0.7440625 -inf 2381 0 0e0
0.744375 -inf 2382 0 0e0
0.7446875000000001 -inf 2383 0 0e0
0.745 -inf 2384 0 0e0
0.7453125 -inf 2385 0 0e0
0.745625 -inf 2386 0 0e0
0.7459375 -inf 2387 0 0e0
0.74625 -inf 2388 0 0e0
0.7465625 -inf 2389 0 0e0
0.7468750000000001 -inf 2390 0 0e0
0.7471875 -inf 2391 0 0e0
0.7475 -inf 2392 0 0e0
0.7478125 -inf 2393 0 0e0
0.748125 -inf 2394 0 0e0
0.7484375 -inf 2395 0 0e0
0.74875 -inf 2396 0 0e0
0.7490625 -inf 2397 0 0e0
0.749375 -inf 2398 0 0e0
0.7496875000000001 -inf 2399 0 0e0
0.75 -inf 2400 0 0e0
0.7503125 -inf 2401 0 0e0
0.750625 -inf 2402 0 0e0
0.7509375 -inf 2403 0 0e0
0.75125 -inf 2404 0 0e0
0.7515625 -inf 2405 0 0e0
0.7518750000000001 -inf 2406 0 0e0
0.7521875 -inf 2407 0 0e0
0.7525000000000001 -inf 2408 0 0e0
0.7528125 -inf 2409 0 0e0
0.753125 -inf 2410 0 0e0
0.7534375 -inf 2411 0 0e0
0.75375 -inf 2412 0 0e0
0.7540625 -inf 2413 0 0e0
0.754375 -inf 2414 0 0e0
0.7546875000000001 -inf 2415 0 0e0
0.755 -inf 2416 0 0e0
0.7553125 -inf 2417 0 0e0
0.755625 -inf 2418 0 0e0
0.7559375 -inf 2419 0 0e0
0.75625 -inf 2420 0 0e0
0.7565625 -inf 2421 0 0e0
0.756875 -inf 2422 0 0e0
0.7571875 -inf 2423 0 0e0
0.7575000000000001 -inf 2424 0 0e0
0.7578125 -inf 2425 0 0e0
0.758125 -inf 2426 0 0e0
0.7584375 -inf 2427 0 0e0
0.75875 -inf 2428 0 0e0
0.7590625 -inf 2429 0 0e0
0.759375 -inf 2430 0 0e0
0.7596875000000001 -inf 2431 0 0e0
0.76 -inf 2432 0 0e0
0.7603125000000001 -inf 2433 0 0e0
0.760625 -inf 2434 0 0e0
0.7609375 -inf 2435 0 0e0
0.76125 -inf 2436 0 0e0
0.7615625 -inf 2437 0 0e0
0.761875 -inf 2438 0 0e0
0.7621875 -inf 2439 0 0e0
0.7625000000000001 -inf 2440 0 0e0
0.7628125 -inf 2441 0 0e0
0.763125 -inf 2442 0 0e0
0.7634375 -inf 2443 0 0e0
0.76375 -inf 2444 0 0e0
0.7640625 -inf 2445 0 0e0
0.764375 -inf 2446 0 0e0
0.7646875 -inf 2447 0 0e0
0.765 -inf 2448 0 0e0
0.7653125000000001 -inf 2449 0 0e0
0.765625 -inf 2450 0 0e0
0.7659375 -inf 2451 0 0e0
0.76625 -inf 2452 0 0e0
0.7665625 -inf 2453 0 0e0
0.766875 -inf 2454 0 0e0
0.7671875 -inf 2455 0 0e0
0.7675000000000001 -inf 2456 0 0e0
0.7678125 -inf 2457 0 0e0
0.7681250000000001 -inf 2458 0 0e0
0.7684375 -inf 2459 0 0e0
0.76875 -inf 2460 0 0e0
0.7690625 -inf 2461 0 0e0
0.769375 -inf 2462 0 0e0
0.7696875 -inf 2463 0 0e0
0.77 -inf 2464 0 0e0
0.7703125000000001 -inf 2465 0 0e0
0.770625 -inf 2466 0 0e0
0.7709375 -inf 2467 0 0e0
0.77125 -inf 2468 0 0e0
0.7715625 -inf 2469 0 0e0
0.771875 -inf 2470 0 0e0
0.7721875 -inf 2471 0 0e0
0.7725 -inf 2472 0 0e0
0.7728125 -inf 2473 0 0e0
0.7731250000000001 -inf 2474 0 0e0
0.7734375 -inf 2475 0 0e0
0.77375 -inf 2476 0 0e0
0.7740625 -inf 2477 0 0e0
0.774375 -inf 2478 0 0e0
0.7746875 -inf 2479 0 0e0
0.775 -inf 2480 0 0e0
0.7753125000000001 -inf 2481 0 0e0
0.775625 -inf 2482 0 0e0
0.7759375000000001 -inf 2483 0 0e0
0.77625 -inf 2484 0 0e0
0.7765625 -inf 2485 0 0e0
0.776875 -inf 2486 0 0e0
0.7771875 -inf 2487 0 0e0
0.7775 -inf 2488 0 0e0
0.7778125 -inf 2489 0 0e0
0.7781250000000001 -inf 2490 0 0e0
0.7784375 -inf 2491 0 0e0
0.77875 -inf 2492 0 0e0
0.7790625 -inf 2493 0 0e0
0.779375 -inf 2494 0 0e0
0.7796875 -inf 2495 0 0e0
0.78 -inf 2496 0 0e0
0.7803125 -inf 2497 0 0e0
0.780625 -inf 2498 0 0e0
0.7809375000000001 -inf 2499 0 0e0
0.78125 -inf 2500 0 0e0
0.7815625 -inf 2501 0 0e0
0.781875 -inf 2502 0 0e0
0.7821875 -inf 2503 0 0e0
0.7825 -inf 2504 0 0e0
0.7828125 -inf 2505 0 0e0
0.7831250000000001 -inf 2506 0 0e0
0.7834375 -inf 2507 0 0e0
0.7837500000000001 -inf 2508 0 0e0
0.7840625 -inf 2509 0 0e0
0.784375 -inf 2510 0 0e0
0.7846875 -inf 2511 0 0e0
0.785 -inf 2512 0 0e0
0.7853125 -inf 2513 0 0e0
0.785625 -inf 2514 0 0e0
0.7859375000000001 -inf 2515 0 0e0
0.78625 -inf 2516 0 0e0
0.7865625 -inf 2517 0 0e0
0.786875 -inf 2518 0 0e0
0.7871875 -inf 2519 0 0e0
0.7875 -inf 2520 0 0e0
0.7878125 -inf 2521 0 0e0
0.788125 -inf 2522 0 0e0
0.7884375 -inf 2523 0 0e0
0.7887500000000001 -inf 2524 0 0e0
0.7890625 -inf 2525 0 0e0
0.789375 -inf 2526 0 0e0
0.7896875 -inf 2527 0 0e0
0.79 -inf 2528 0 0e0
0.7903125 -inf 2529 0 0e0
0.790625 -inf 2530 0 0e0
0.7909375000000001 -inf 2531 0 0e0
0.79125 -inf 2532 0 0e0
0.7915625000000001 -inf 2533 0 0e0
0.791875 -inf 2534 0 0e0
0.7921875 -inf 2535 0 0e0
0.7925 -inf 2536 0 0e0
0.7928125 -inf 2537 0 0e0
0.793125 -inf 2538 0 0e0
0.7934375 -inf 2539 0 0e0
0.7937500000000001 -inf 2540 0 0e0
0.7940625 -inf 2541 0 0e0
0.794375 -inf 2542 0 0e0
0.7946875 -inf 2543 0 0e0
0.795 -inf 2544 0 0e0
0.7953125 -inf 2545 0 0e0
0.795625 -inf 2546 0 0e0
0.7959375 -inf 2547 0 0e0
0.79625 -inf 2548 0 0e0
0.7965625000000001 -inf 2549 0 0e0
0.796875 -inf 2550 0 0e0
0.7971875 -inf 2551 0 0e0
0.7975 -inf 2552 0 0e0
0.7978125 -inf 2553 0 0e0
0.798125 -inf 2554 0 0e0
0.7984375 -inf 2555 0 0e0
0.7987500000000001 -inf 2556 0 0e0
0.7990625 -inf 2557 0 0e0
0.7993750000000001 -inf 2558 0 0e0
0.7996875 -inf 2559 0 0e0
0.8 -inf 2560 0 0e0
0.8003125 -inf 2561 0 0e0
0.800625 -inf 2562 0 0e0
0.8009375 -inf 2563 0 0e0
0.80125 -inf 2564 0 0e0
0.8015625000000001 -inf 2565 0 0e0
0.801875 -inf 2566 0 0e0
0.8021875 -inf 2567 0 0e0
0.8025 -inf 2568 0 0e0
0.8028125 -inf 2569 0 0e0
0.803125 -inf 2570 0 0e0
0.8034375 -inf 2571 0 0e0
0.80375 -inf 2572 0 0e0
0.8040625 -inf 2573 0 0e0
0.8043750000000001 -inf 2574 0 0e0
0.8046875 -inf 2575 0 0e0
0.805 -inf 2576 0 0e0
0.8053125 -inf 2577 0 0e0
0.805625 -inf 2578 0 0e0
0.8059375 -inf 2579 0 0e0
0.80625 -inf 2580 0 0e0
0.8065625000000001 -inf 2581 0 0e0
0.806875 -inf 2582 0 0e0
0.8071875000000001 -inf 2583 0 0e0
0.8075 -inf 2584 0 0e0
0.8078125 -inf 2585 0 0e0
0.808125 -inf 2586 0 0e0
0.8084375 -inf 2587 0 0e0
0.80875 -inf 2588 0 0e0
0.8090625 -inf 2589 0 0e0
0.8093750000000001 -inf 2590 0 0e0
0.8096875 -inf 2591 0 0e0
0.81 -inf 2592 0 0e0
0.8103125 -inf 2593 0 0e0
0.810625 -inf 2594 0 0e0
0.8109375 -inf 2595 0 0e0
0.81125 -inf 2596 0 0e0
0.8115625 -inf 2597 0 0e0
0.811875 -inf 2598 0 0e0
0.8121875000000001 -inf 2599 0 0e0
0.8125 -inf 2600 0 0e0
0.8128125 -inf 2601 0 0e0
0.813125 -inf 2602 0 0e0
0.8134375 -inf 2603 0 0e0
0.81375 -inf 2604 0 0e0
0.8140625 -inf 2605 0 0e0
0.8143750000000001 -inf 2606 0 0e0
0.8146875 -inf 2607 0 0e0
0.8150000000000001 -inf 2608 0 0e0
0.8153125 -inf 2609 0 0e0
0.815625 -inf 2610 0 0e0
0.8159375 -inf 2611 0 0e0
0.81625 -inf 2612 0 0e0
0.8165625 -inf 2613 0 0e0
0.816875 -inf 2614 0 0e0
0.8171875000000001 -inf 2615 0 0e0
0.8175 -inf 2616 0 0e0
0.8178125 -inf 2617 0 0e0
0.818125 -inf 2618 0 0e0
0.8184375 -inf 2619 0 0e0
0.81875 -inf 2620 0 0e0
0.8190625 -inf 2621 0 0e0
0.819375 -inf 2622 0 0e0
0.8196875 -inf 2623 0 0e0
0.8200000000000001 -inf 2624 0 0e0
0.8203125 -inf 2625 0 0e0
0.820625 -inf 2626 0 0e0
0.8209375 -inf 2627 0 0e0
0.82125 -inf 2628 0 0e0
0.8215625 -inf 2629 0 0e0
0.821875 -inf 2630 0 0e0
0.8221875000000001 -inf 2631 0 0e0
0.8225 -inf 2632 0 0e0
0.8228125000000001 -inf 2633 0 0e0
0.823125 -inf 2634 0 0e0
0.8234375 -inf 2635 0 0e0
0.82375 -inf 2636 0 0e0
0.8240625 -inf 2637 0 0e0
0.824375 -inf 2638 0 0e0
0.8246875 -inf 2639 0 0e0
0.8250000000000001 -inf 2640 0 0e0
0.8253125 -inf 2641 0 0e0
0.825625 -inf 2642 0 0e0
0.8259375 -inf 2643 0 0e0
0.82625 -inf 2644 0 0e0
0.8265625 -inf 2645 0 0e0
0.826875 -inf 2646 0 0e0
0.8271875 -inf 2647 0 0e0
0.8275 -inf 2648 0 0e0
0.8278125000000001 -inf 2649 0 0e0
0.828125 -inf 2650 0 0e0
0.8284375 -inf 2651 0 0e0
0.82875 -inf 2652 0 0e0
0.8290625 -inf 2653 0 0e0
0.829375 -inf 2654 0 0e0
0.8296875 -inf 2655 0 0e0
0.8300000000000001 -inf 2656 0 0e0
0.8303125 -inf 2657 0 0e0
0.8306250000000001 -inf 2658 0 0e0
0.8309375 -inf 2659 0 0e0
0.83125 -inf 2660 0 0e0
0.8315625 -inf 2661 0 0e0
0.831875 -inf 2662 0 0e0
0.8321875 -inf 2663 0 0e0
0.8325 -inf 2664 0 0e0
0.8328125000000001 -inf 2665 0 0e0
0.833125 -inf 2666 0 0e0
0.8334375 -inf 2667 0 0e0
0.83375 -inf 2668 0 0e0
0.8340625 -inf 2669 0 0e0
0.834375 -inf 2670 0 0e0
0.8346875 -inf 2671 0 0e0
0.835 -inf 2672 0 0e0
0.8353125 -inf 2673 0 0e0
0.8356250000000001 -inf 2674 0 0e0
0.8359375 -inf 2675 0 0e0
0.83625 -inf 2676 0 0e0
0.8365625 -inf 2677 0 0e0
0.836875 -inf 2678 0 0e0
0.8371875 -inf 2679 0 0e0
0.8375 -inf 2680 0 0e0
0.8378125000000001 -inf 2681 0 0e0
0.838125 -inf 2682 0 0e0
0.8384375000000001 -inf 2683 0 0e0
0.83875 -inf 2684 0 0e0
0.8390625 -inf 2685 0 0e0
0.839375 -inf 2686 0 0e0
0.8396875 -inf 2687 0 0e0
0.84 -inf 2688 0 0e0
0.8403125 -inf 2689 0 0e0
0.8406250000000001 -inf 2690 0 0e0
0.8409375 -inf 2691 0 0e0
0.84125 -inf 2692 0 0e0
0.8415625 -inf 2693 0 0e0
0.841875 -inf 2694 0 0e0
0.8421875 -inf 2695 0 0e0
0.8425 -inf 2696 0 0e0
0.8428125 -inf 2697 0 0e0
0.843125 -inf 2698 0 0e0
0.8434375000000001 -inf 2699 0 0e0
0.84375 -inf 2700 0 0e0
0.8440625 -inf 2701 0 0e0
0.844375 -inf 2702 0 0e0
0.8446875 -inf 2703 0 0e0
0.845 -inf 2704 0 0e0
0.8453125 -inf 2705 0 0e0
0.8456250000000001 -inf 2706 0 0e0
0.8459375 -inf 2707 0 0e0
0.8462500000000001 -inf 2708 0 0e0
0.8465625 -inf 2709 0 0e0
0.846875 -inf 2710 0 0e0
0.8471875 -inf 2711 0 0e0
0.8475 -inf 2712 0 0e0
0.8478125 -inf 2713 0 0e0
0.848125 -inf 2714 0 0e0
0.8484375000000001 -inf 2715 0 0e0
0.84875 -inf 2716 0 0e0
0.8490625 -inf 2717 0 0e0
0.849375 -inf 2718 0 0e0
0.8496875 -inf 2719 0 0e0
0.85 -inf 2720 0 0e0
0.8503125 -inf 2721 0 0e0
0.850625 -inf 2722 0 0e0
0.8509375 -inf 2723 0 0e0
0.8512500000000001 -inf 2724 0 0e0
0.8515625 -inf 2725 0 0e0
0.851875 -inf 2726 0 0e0
0.8521875 -inf 2727 0 0e0
0.8525 -inf 2728 0 0e0
0.8528125 -inf 2729 0 0e0
0.853125 -inf 2730 0 0e0
0.8534375000000001 -inf 2731 0 0e0
0.85375 -inf 2732 0 0e0
0.8540625000000001 -inf 2733 0 0e0
0.854375 -inf 2734 0 0e0
0.8546875 -inf 2735 0 0e0
0.855 -inf 2736 0 0e0
0.8553125 -inf 2737 0 0e0
0.855625 -inf 2738 0 0e0
0.8559375 -inf 2739 0 0e0
0.8562500000000001 -inf 2740 0 0e0
0.8565625 -inf 2741 0 0e0
0.856875 -inf 2742 0 0e0
0.8571875 -inf 2743 0 0e0
0.8575 -inf 2744 0 0e0
0.8578125 -inf 2745 0 0e0
0.858125 -inf 2746 0 0e0
0.8584375 -inf 2747 0 0e0
0.85875 -inf 2748 0 0e0
0.8590625000000001 -inf 2749 0 0e0
0.859375 -inf 2750 0 0e0
0.8596875 -inf 2751 0 0e0
0.86 -inf 2752 0 0e0
0.8603125 -inf 2753 0 0e0
0.860625 -inf 2754 0 0e0
0.8609375 -inf 2755 0 0e0
0.8612500000000001 -inf 2756 0 0e0
0.8615625 -inf 2757 0 0e0
0.8618750000000001 -inf 2758 0 0e0
0.8621875 -inf 2759 0 0e0
0.8625 -inf 2760 0 0e0
0.8628125 -inf 2761 0 0e0
0.863125 -inf 2762 0 0e0
0.8634375 -inf 2763 0 0e0
0.86375 -inf 2764 0 0e0
0.8640625000000001 -inf 2765 0 0e0
0.864375 -inf 2766 0 0e0
0.8646875 -inf 2767 0 0e0
0.865 -inf 2768 0 0e0
0.8653125 -inf 2769 0 0e0
0.865625 -inf 2770 0 0e0
0.8659375 -inf 2771 0 0e0
0.86625 -inf 2772 0 0e0
0.8665625 -inf 2773 0 0e0
0.8668750000000001 -inf 2774 0 0e0
0.8671875 -inf 2775 0 0e0
0.8675 -inf 2776 0 0e0
0.8678125 -inf 2777 0 0e0
0.868125 -inf 2778 0 0e0
0.8684375 -inf 2779 0 0e0
0.86875 -inf 2780 0 0e0
0.8690625000000001 -inf 2781 0 0e0
0.869375 -inf 2782 0 0e0
0.8696875000000001 -inf 2783 0 0e0
0.87 -inf 2784 0 0e0
0.8703125 -inf 2785 0 0e0
0.870625 -inf 2786 0 0e0
0.8709375 -inf 2787 0 0e0
0.87125 -inf 2788 0 0e0
0.8715625 -inf 2789 0 0e0
0.8718750000000001 -inf 2790 0 0e0
0.8721875 -inf 2791 0 0e0
0.8725 -inf 2792 0 0e0
0.8728125 -inf 2793 0 0e0
0.873125 -inf 2794 0 0e0
0.8734375 -inf 2795 0 0e0
0.87375 -inf 2796 0 0e0
0.8740625 -inf 2797 0 0e0
0.874375 -inf 2798 0 0e0
0.8746875000000001 -inf 2799 0 0e0
0.875 -inf 2800 0 0e0
0.8753125 -inf 2801 0 0e0
0.875625 -inf 2802 0 0e0
0.8759375 -inf 2803 0 0e0
0.87625 -inf 2804 0 0e0
0.8765625 -inf 2805 0 0e0
0.8768750000000001 -inf 2806 0 0e0
0.8771875 -inf 2807 0 0e0
0.8775000000000001 -inf 2808 0 0e0
0.8778125 -inf 2809 0 0e0
0.878125 -inf 2810 0 0e0
0.8784375 -inf 2811 0 0e0
0.87875 -inf 2812 0 0e0
0.8790625 -inf 2813 0 0e0
0.879375 -inf 2814 0 0e0
0.8796875000000001 -inf 2815 0 0e0
0.88 -inf 2816 0 0e0
0.8803125 -inf 2817 0 0e0
0.880625 -inf 2818 0 0e0
0.8809375 -inf 2819 0 0e0
0.88125 -inf 2820 0 0e0
0.8815625 -inf 2821 0 0e0
0.881875 -inf 2822 0 0e0
0.8821875 -inf 2823 0 0e0
0.8825000000000001 -inf 2824 0 0e0
0.8828125 -inf 2825 0 0e0
0.883125 -inf 2826 0 0e0
0.8834375 -inf 2827 0 0e0
0.88375 -inf 2828 0 0e0
0.8840625 -inf 2829 0 0e0
0.884375 -inf 2830 0 0e0
0.8846875000000001 -inf 2831 0 0e0
0.885 -inf 2832 0 0e0
0.8853125000000001 -inf 2833 0 0e0
0.885625 -inf 2834 0 0e0
0.8859375 -inf 2835 0 0e0
0.88625 -inf 2836 0 0e0
0.8865625 -inf 2837 0 0e0
0.886875 -inf 2838 0 0e0
0.8871875 -inf 2839 0 0e0
0.8875000000000001 -inf 2840 0 0e0
0.8878125 -inf 2841 0 0e0
0.888125 -inf 2842 0 0e0
0.8884375 -inf 2843 0 0e0
0.88875 -inf 2844 0 0e0
0.8890625 -inf 2845 0 0e0
0.889375 -inf 2846 0 0e0
0.8896875 -inf 2847 0 0e0
0.89 -inf 2848 0 0e0
0.8903125000000001 -inf 2849 0 0e0
0.890625 -inf 2850 0 0e0
0.8909375 -inf 2851 0 0e0
0.89125 -inf 2852 0 0e0
0.8915625 -inf 2853 0 0e0
0.891875 -inf 2854 0 0e0
0.8921875 -inf 2855 0 0e0
0.8925000000000001 -inf 2856 0 0e0
0.8928125 -inf 2857 0 0e0
0.8931250000000001 -inf 2858 0 0e0
0.8934375 -inf 2859 0 0e0
0.89375 -inf 2860 0 0e0
0.8940625 -inf 2861 0 0e0
0.894375 -inf 2862 0 0e0
0.8946875 -inf 2863 0 0e0
0.895 -inf 2864 0 0e0
0.8953125000000001 -inf 2865 0 0e0
0.895625 -inf 2866 0 0e0
0.8959375 -inf 2867 0 0e0
0.89625 -inf 2868 0 0e0
0.8965625 -inf 2869 0 0e0
0.896875 -inf 2870 0 0e0
0.8971875 -inf 2871 0 0e0
0.8975 -inf 2872 0 0e0
0.8978125 -inf 2873 0 0e0
0.8981250000000001 -inf 2874 0 0e0
0.8984375 -inf 2875 0 0e0
0.89875 -inf 2876 0 0e0
0.8990625 -inf 2877 0 0e0
0.899375 -inf 2878 0 0e0
0.8996875 -inf 2879 0 0e0
0.9 -inf 2880 0 0e0
0.9003125000000001 -inf 2881 0 0e0
0.900625 -inf 2882 0 0e0
0.9009375000000001 -inf 2883 0 0e0
0.90125 -inf 2884 0 0e0
0.9015625 -inf 2885 0 0e0
0.901875 -inf 2886 0 0e0
0.9021875 -inf 2887 0 0e0
0.9025 -inf 2888 0 0e0
0.9028125 -inf 2889 0 0e0
0.9031250000000001 -inf 2890 0 0e0
0.9034375 -inf 2891 0 0e0
0.90375 -inf 2892 0 0e0
0.9040625 -inf 2893 0 0e0
0.904375 -inf 2894 0 0e0
0.9046875 -inf 2895 0 0e0
0.905 -inf 2896 0 0e0
0.9053125 -inf 2897 0 0e0
0.905625 -inf 2898 0 0e0
0.9059375000000001 -inf 2899 0 0e0
0.90625 -inf 2900 0 0e0
0.9065625 -inf 2901 0 0e0
0.906875 -inf 2902 0 0e0
0.9071875 -inf 2903 0 0e0
0.9075 -inf 2904 0 0e0
0.9078125 -inf 2905 0 0e0
0.9081250000000001 -inf 2906 0 0e0
0.9084375 -inf 2907 0 0e0
0.9087500000000001 -inf 2908 0 0e0
0.9090625 -inf 2909 0 0e0
0.909375 -inf 2910 0 0e0
0.9096875 -inf 2911 0 0e0
0.91 -inf 2912 0 0e0
0.9103125 -inf 2913 0 0e0
0.910625 -inf 2914 0 0e0
0.9109375000000001 -inf 2915 0 0e0
0.91125 -inf 2916 0 0e0
0.9115625 -inf 2917 0 0e0
0.911875 -inf 2918 0 0e0
0.9121875 -inf 2919 0 0e0
0.9125 -inf 2920 0 0e0
0.9128125 -inf 2921 0 0e0
0.913125 -inf 2922 0 0e0
0.9134375 -inf 2923 0 0e0
0.9137500000000001 -inf 2924 0 0e0
0.9140625 -inf 2925 0 0e0
0.914375 -inf 2926 0 0e0
0.9146875 -inf 2927 0 0e0
0.915 -inf 2928 0 0e0
0.9153125 -inf 2929 0 0e0
0.915625 -inf 2930 0 0e0
0.9159375000000001 -inf 2931 0 0e0
0.91625 -inf 2932 0 0e0
0.9165625000000001 -inf 2933 0 0e0
0.916875 -inf 2934 0 0e0
0.9171875 -inf 2935 0 0e0
0.9175 -inf 2936 0 0e0
0.9178125 -inf 2937 0 0e0
0.918125 -inf 2938 0 0e0
0.9184375 -inf 2939 0 0e0
0.9187500000000001 -inf 2940 0 0e0
0.9190625 -inf 2941 0 0e0
0.919375 -inf 2942 0 0e0
0.9196875 -inf 2943 0 0e0
0.92 -inf 2944 0 0e0
0.9203125 -inf 2945 0 0e0
0.920625 -inf 2946 0 0e0
0.9209375 -inf 2947 0 0e0
0.92125 -inf 2948 0 0e0
0.9215625000000001 -inf 2949 0 0e0
0.921875 -inf 2950 0 0e0
0.9221875 -inf 2951 0 0e0
0.9225 -inf 2952 0 0e0
0.9228125 -inf 2953 0 0e0
0.923125 -inf 2954 0 0e0
0.9234375 -inf 2955 0 0e0
0.9237500000000001 -inf 2956 0 0e0
0.9240625 -inf 2957 0 0e0
0.9243750000000001 -inf 2958 0 0e0
0.9246875 -inf 2959 0 0e0
0.925 -inf 2960 0 0e0
0.9253125 -inf 2961 0 0e0
0.925625 -inf 2962 0 0e0
0.9259375 -inf 2963 0 0e0
0.92625 -inf 2964 0 0e0
0.9265625000000001 -inf 2965 0 0e0
0.926875 -inf 2966 0 0e0
0.9271875 -inf 2967 0 0e0
0.9275 -inf 2968 0 0e0
0.9278125 -inf 2969 0 0e0
0.928125 -inf 2970 0 0e0
0.9284375 -inf 2971 0 0e0
0.92875 -inf 2972 0 0e0
0.9290625 -inf 2973 0 0e0
0.9293750000000001 -inf 2974 0 0e0
0.9296875 -inf 2975 0 0e0
0.93 -inf 2976 0 0e0
0.9303125 -inf 2977 0 0e0
0.930625 -inf 2978 0 0e0
0.9309375 -inf 2979 0 0e0
0.93125 -inf 2980 0 0e0
0.9315625000000001 -inf 2981 0 0e0
0.931875 -inf 2982 0 0e0
0.9321875000000001 -inf 2983 0 0e0
0.9325 -inf 2984 0 0e0
0.9328125 -inf 2985 0 0e0
0.933125 -inf 2986 0 0e0
0.9334375 -inf 2987 0 0e0
0.93375 -inf 2988 0 0e0
0.9340625 -inf 2989 0 0e0
0.9343750000000001 -inf 2990 0 0e0
0.9346875 -inf 2991 0 0e0
0.935 -inf 2992 0 0e0
0.9353125 -inf 2993 0 0e0
0.935625 -inf 2994 0 0e0
0.9359375 -inf 2995 0 0e0
0.93625 -inf 2996 0 0e0
0.9365625 -inf 2997 0 0e0
0.936875 -inf 2998 0 0e0
0.9371875000000001 -inf 2999 0 0e0
0.9375 -inf 3000 0 0e0
0.9378125 -inf 3001 0 0e0
0.938125 -inf 3002 0 0e0
0.9384375 -inf 3003 0 0e0
0.93875 -inf 3004 0 0e0
0.9390625 -inf 3005 0 0e0
0.9393750000000001 -inf 3006 0 0e0
0.9396875 -inf 3007 0 0e0
0.9400000000000001 -inf 3008 0 0e0
0.9403125 -inf 3009 0 0e0
0.940625 -inf 3010 0 0e0
0.9409375 -inf 3011 0 0e0
0.94125 -inf 3012 0 0e0
0.9415625 -inf 3013 0 0e0
0.941875 -inf 3014 0 0e0
0.9421875000000001 -inf 3015 0 0e0
0.9425 -inf 3016 0 0e0
0.9428125 -inf 3017 0 0e0
0.943125 -inf 3018 0 0e0
0.9434375 -inf 3019 0 0e0
0.94375 -inf 3020 0 0e0
0.9440625 -inf 3021 0 0e0
0.944375 -inf 3022 0 0e0
0.9446875 -inf 3023 0 0e0
0.9450000000000001 -inf 3024 0 0e0
0.9453125 -inf 3025 0 0e0
0.945625 -inf 3026 0 0e0
0.9459375 -inf 3027 0 0e0
0.94625 -inf 3028 0 0e0
0.9465625 -inf 3029 0 0e0
0.946875 -inf 3030 0 0e0
0.9471875000000001 -inf 3031 0 0e0
0.9475 -inf 3032 0 0e0
0.9478125000000001 -inf 3033 0 0e0
0.948125 -inf 3034 0 0e0
0.9484375 -inf 3035 0 0e0
0.94875 -inf 3036 0 0e0
0.9490625 -inf 3037 0 0e0
0.949375 -inf 3038 0 0e0
0.9496875 -inf 3039 0 0e0
0.9500000000000001 -inf 3040 0 0e0
0.9503125 -inf 3041 0 0e0
0.950625 -inf 3042 0 0e0
0.9509375 -inf 3043 0 0e0
0.95125 -inf 3044 0 0e0
0.9515625 -inf 3045 0 0e0
0.951875 -inf 3046 0 0e0
0.9521875 -inf 3047 0 0e0
0.9525 -inf 3048 0 0e0
0.9528125000000001 -inf 3049 0 0e0
0.953125 -inf 3050 0 0e0
0.9534375 -inf 3051 0 0e0
0.95375 -inf 3052 0 0e0
0.9540625 -inf 3053 0 0e0
0.954375 -inf 3054 0 0e0
0.9546875 -inf 3055 0 0e0
0.9550000000000001 -inf 3056 0 0e0
0.9553125 -inf 3057 0 0e0
0.9556250000000001 -inf 3058 0 0e0
0.9559375 -inf 3059 0 0e0
0.95625 -inf 3060 0 0e0
0.9565625 -inf 3061 0 0e0
0.956875 -inf 3062 0 0e0
0.9571875 -inf 3063 0 0e0
0.9575 -inf 3064 0 0e0
0.9578125000000001 -inf 3065 0 0e0
0.958125 -inf 3066 0 0e0
0.9584375 -inf 3067 0 0e0
0.95875 -inf 3068 0 0e0
0.9590625 -inf 3069 0 0e0
0.959375 -inf 3070 0 0e0
0.9596875 -inf 3071 0 0e0
0.96 -inf 3072 0 0e0
0.9603125 -inf 3073 0 0e0
0.9606250000000001 -inf 3074 0 0e0
0.9609375 -inf 3075 0 0e0
0.96125 -inf 3076 0 0e0
0.9615625 -inf 3077 0 0e0
0.961875 -inf 3078 0 0e0
0.9621875 -inf 3079 0 0e0
0.9625 -inf 3080 0 0e0
0.9628125000000001 -inf 3081 0 0e0
0.963125 -inf 3082 0 0e0
0.9634375000000001 -inf 3083 0 0e0
0.96375 -inf 3084 0 0e0
0.9640625 -inf 3085 0 0e0
0.964375 -inf 3086 0 0e0
0.9646875 -inf 3087 0 0e0
0.965 -inf 3088 0 0e0
0.9653125 -inf 3089 0 0e0
0.9656250000000001 -inf 3090 0 0e0
0.9659375 -inf 3091 0 0e0
0.96625 -inf 3092 0 0e0
0.9665625 -inf 3093 0 0e0
0.966875 -inf 3094 0 0e0
0.9671875 -inf 3095 0 0e0
0.9675 -inf 3096 0 0e0
0.9678125000000001 -inf 3097 0 0e0
0.968125 -inf 3098 0 0e0
0.9684375000000001 -inf 3099 0 0e0
0.96875 -inf 3100 0 0e0
0.9690625 -inf 3101 0 0e0
0.969375 -inf 3102 0 0e0
0.9696875 -inf 3103 0 0e0
0.97 -inf 3104 0 0e0
0.9703125 -inf 3105 0 0e0
0.9706250000000001 -inf 3106 0 0e0
0.9709375 -inf 3107 0 0e0
0.9712500000000001 -inf 3108 0 0e0
0.9715625 -inf 3109 0 0e0
0.971875 -inf 3110 0 0e0
0.9721875 -inf 3111 0 0e0
0.9725 -inf 3112 0 0e0
0.9728125 -inf 3113 0 0e0
0.973125 -inf 3114 0 0e0
0.9734375000000001 -inf 3115 0 0e0
0.97375 -inf 3116 0 0e0
0.9740625 -inf 3117 0 0e0
0.974375 -inf 3118 0 0e0
0.9746875 -inf 3119 0 0e0
0.975 -inf 3120 0 0e0
0.9753125 -inf 3121 0 0e0
0.9756250000000001 -inf 3122 0 0e0
0.9759375 -inf 3123 0 0e0
0.9762500000000001 -inf 3124 0 0e0
0.9765625 -inf 3125 0 0e0
0.976875 -inf 3126 0 0e0
0.9771875 -inf 3127 0 0e0
0.9775 -inf 3128 0 0e0
0.9778125 -inf 3129 0 0e0
0.978125 -inf 3130 0 0e0
0.9784375000000001 -inf 3131 0 0e0
0.97875 -inf 3132 0 0e0
0.9790625000000001 -inf 3133 0 0e0
0.979375 -inf 3134 0 0e0
0.9796875 -inf 3135 0 0e0
0.98 -inf 3136 0 0e0
0.9803125 -inf 3137 0 0e0
0.980625 -inf 3138 0 0e0
0.9809375 -inf 3139 0 0e0
0.9812500000000001 -inf 3140 0 0e0
0.9815625 -inf 3141 0 0e0
0.981875 -inf 3142 0 0e0
0.9821875 -inf 3143 0 0e0
0.9825 -inf 3144 0 0e0
0.9828125 -inf 3145 0 0e0
0.983125 -inf 3146 0 0e0
0.9834375000000001 -inf 3147 0 0e0
0.98375 -inf 3148 0 0e0
0.9840625000000001 -inf 3149 0 0e0
0.984375 -inf 3150 0 0e0
0.9846875 -inf 3151 0 0e0
0.985 -inf 3152 0 0e0
0.9853125 -inf 3153 0 0e0
0.985625 -inf 3154 0 0e0
0.9859375 -inf 3155 0 0e0
0.9862500000000001 -inf 3156 0 0e0
0.9865625 -inf 3157 0 0e0
0.9868750000000001 -inf 3158 0 0e0
0.9871875 -inf 3159 0 0e0
0.9875 -inf 3160 0 0e0
0.9878125 -inf 3161 0 0e0
0.988125 -inf 3162 0 0e0
0.9884375 -inf 3163 0 0e0
0.98875 -inf 3164 0 0e0
0.9890625000000001 -inf 3165 0 0e0
0.989375 -inf 3166 0 0e0
0.9896875 -inf 3167 0 0e0
0.99 -inf 3168 0 0e0
0.9903125 -inf 3169 0 0e0
0.990625 -inf 3170 0 0e0
0.9909375 -inf 3171 0 0e0
0.9912500000000001 -inf 3172 0 0e0
0.9915625 -inf 3173 0 0e0
0.9918750000000001 -inf 3174 0 0e0
0.9921875 -inf 3175 0 0e0
0.9925 -inf 3176 0 0e0
0.9928125 -inf 3177 0 0e0
0.993125 -inf 3178 0 0e0
0.9934375 -inf 3179 0 0e0
0.99375 -inf 3180 0 0e0
0.9940625000000001 -inf 3181 0 0e0
0.994375 -inf 3182 0 0e0
0.9946875000000001 -inf 3183 0 0e0
0.995 -inf 3184 0 0e0
0.9953125 -inf 3185 0 0e0
0.995625 -inf 3186 0 0e0
0.9959375 -inf 3187 0 0e0
0.99625 -inf 3188 0 0e0
0.9965625 -inf 3189 0 0e0
0.9968750000000001 -inf 3190 0 0e0
0.9971875 -inf 3191 0 0e0
0.9975 -inf 3192 0 0e0
0.9978125 -inf 3193 0 0e0
0.998125 -inf 3194 0 0e0
0.9984375 -inf 3195 0 0e0
0.99875 -inf 3196 0 0e0
0.9990625000000001 -inf 3197 0 0e0
0.999375 -inf 3198 0 0e0
0.9996875000000001 -inf 3199 0 0e0
1 -inf 3200 0 0e0
